genes,logFC,logCPM,F,PValue,FDR
YIL121W,-2.81769762472327,6.68319869371289,7561.28977982367,5.4820186879571e-50,3.3358083716219e-46
YDR033W,-3.75469194880384,8.96623856374692,6608.24213836252,9.77573771457191e-49,2.71912977166736e-45
YHR215W,-4.36072210089215,7.27212946740259,6511.33354995997,1.34057342892392e-48,2.71912977166736e-45
YGR234W,-4.20490620807831,8.48516912669989,5327.86805050218,9.72796291232869e-47,1.479866358038e-43
YAR071W,-4.21060755536325,7.62809999053225,4599.06991488334,2.24226871080422e-45,2.72884102104873e-42
YML123C,-4.67858553728805,9.21299023073922,4457.84037417658,4.35908342178786e-45,4.42083710359652e-42
YOR290C,-7.38794009227258,6.5326912476411,3712.05181828431,2.14926404639294e-43,1.86832453175729e-40
YOR153W,-2.76573588616426,9.77475255002878,3574.94380044705,4.78502762902801e-43,3.63961164032943e-40
YER081W,3.12521796222489,9.05823365335051,3209.54406242034,4.72975841958009e-42,3.19784222034943e-39
YPL257W-B,-2.46086310729064,7.3437377568114,2664.95312737134,2.43975478609445e-40,1.48459078733847e-37
YDR365W-B,-2.34958836860563,7.44990186909881,2650.31537279351,2.74158363735471e-40,1.5165942212094e-37
YAR009C,-2.46221805393072,7.19157770443659,2611.51206613354,3.74652296645956e-40,1.8997993542422e-37
YDR261C-D,-2.60750040976452,7.53548381367477,2520.2358066612,7.95508871178446e-40,3.69545007475727e-37
YML039W,-2.46933243414762,7.58568657353106,2512.32469247325,8.50226804381294e-40,3.69545007475727e-37
YJR027W,-2.36583420137074,7.81468458115671,2441.17360039743,1.56120239703426e-39,6.25716746629272e-37
YML045W,-2.33728317602799,7.61007778504567,2435.12661643161,1.64526999935388e-39,6.25716746629272e-37
YDR406W,-1.98667899012424,7.42429853425095,2419.43990740418,1.88619493286737e-39,6.75146833323409e-37
YPR137C-B,-2.27350832429567,7.36465613491287,2404.13580627601,2.15701931628456e-39,7.29192363310641e-37
YGR038C-B,-2.23728430460717,7.57710941809945,2391.3713310003,2.413969920177e-39,7.73105629698791e-37
YPR158C-D,-2.41934103072819,7.78346555319409,2361.55534322851,3.14709392672923e-39,9.57503327207368e-37
YER138C,-2.46861546573962,7.54539138206339,2335.65578745698,3.97305075066976e-39,1.15123875322979e-36
YJL012C,-1.41144636625538,8.16142212063657,2277.67700400551,6.75706588567766e-39,1.86894299610675e-36
YLR157C-B,-2.44045360057975,7.86142500977834,2237.40225322169,9.84885486702414e-39,2.60566442894965e-36
YHR214C-B,-2.18116788067028,7.53763115673677,2218.42008344347,1.17899307079719e-38,2.98923868158372e-36
YDR098C-B,-2.13762563284471,7.35345513126481,2178.76678628474,1.7252513264571e-38,4.19926172859657e-36
YGL028C,-1.68015627412881,6.60322111714356,2159.34254130922,2.08413303200766e-38,4.87767288452562e-36
YPR158W-B,-2.34334163365893,7.4382298376933,2133.18084958204,2.69536856397456e-38,6.07456211547599e-36
YJR029W,-2.33213399743944,7.66429152581544,2085.57093986851,4.3388152256725e-38,9.42917523150613e-36
YLR227W-B,-2.32948399009229,7.44584628740402,2072.78054706755,4.93973867817734e-38,1.0364934433348e-35
YCL064C,-1.36946468281987,8.47842574180194,2060.08640586419,5.6227755867931e-38,1.14048631485453e-35
YPL095C,-1.93855859015518,6.23595888381734,2051.93359760249,6.1130033598379e-38,1.19992340143915e-35
YOL103W-B,-2.47527695227898,7.77459852171837,2046.62677642432,6.45597090136287e-38,1.22764321671228e-35
YDR316W-B,-2.28578935621456,7.43916521672389,2016.83650341362,8.79368157332237e-38,1.62150158708081e-35
YOR273C,-2.22197123497556,7.971808543015,1990.4739104014,1.16029223945565e-37,2.06643372037537e-35
YOR306C,-1.31180119623444,6.71020556632603,1988.19920379199,1.18858143324795e-37,2.06643372037537e-35
YER011W,-4.24058200573578,7.56460230997008,1977.21034826872,1.33577467130039e-37,2.25783024301746e-35
YPL019C,-2.47397907410916,7.89531571810117,1966.43468161498,1.49872672748018e-37,2.46479787478835e-35
YMR050C,-2.27349178370684,7.802671455752,1925.75999454337,2.32736034663665e-37,3.72301767439577e-35
YDR210C-D,-2.08427377369342,7.3830174293396,1923.47904089462,2.38615758917724e-37,3.72301767439577e-35
YMR045C,-2.27431744380555,7.48296547822144,1911.49007181022,2.72181955242853e-37,4.1405679941319e-35
YGR027W-B,-2.37119646766763,7.72911830935273,1903.89376315907,2.95977256118576e-37,4.39273561824765e-35
YNL284C-B,-2.12380124489256,7.92733691595496,1895.81553486961,3.23685153468892e-37,4.68958133061478e-35
YGR161C-D,-2.06669550592699,7.50813312042784,1893.69023271433,3.31416823736455e-37,4.68993342427053e-35
YBR012W-B,-2.02538283873633,7.10090707066547,1874.87526485793,4.08908264252222e-37,5.65501542721539e-35
YBL005W-B,-2.16678714303735,7.37874685956745,1848.97724545694,5.47905118498611e-37,7.40889476903122e-35
YOR142W-B,-2.15201526921471,7.23905106217615,1819.01187080518,7.72561557395159e-37,1.02196458190207e-34
YER160C,-2.22607059739737,7.34125270233206,1800.14544429279,9.61890703103005e-37,1.24534147412378e-34
YHL047C,-1.83034915205336,7.55406199059948,1626.14906674603,8.12885095268747e-36,1.03050120931465e-33
YER001W,-2.32885648172079,6.23331170976335,1616.22678205585,9.24194834464285e-36,1.14769909545208e-33
YBR067C,-2.86166874461381,8.96108203838887,1579.79922220123,1.49032081304496e-35,1.81372042947571e-33
YER124C,-1.79030825865935,6.43028168287567,1560.59268689924,1.92565218623826e-35,2.29756736338427e-33
YBR092C,-2.72107674844398,7.28128944556397,1520.39095077286,3.32599561273494e-35,3.89205448144079e-33
YNL054W-B,-1.94430906540318,7.21364364670251,1501.25381821628,4.33568607726479e-35,4.97785844908608e-33
YDR399W,-1.88792260645486,7.60542987108933,1497.58757421856,4.56329148786256e-35,5.14215346363771e-33
YLR035C-A,-2.09554003647434,6.79106835557158,1471.40896827548,6.59927819969536e-35,7.30120142639023e-33
YKL109W,-2.09419985664332,7.61411327936639,1434.86568094866,1.11646586141548e-34,1.21315977977021e-32
YPR149W,-2.10320342171494,8.43997841160694,1371.94417515282,2.84837270939547e-34,3.04076279590727e-32
YLL052C,-2.69674974517179,3.14840121722743,1343.63959656961,4.40056531118425e-34,4.61679998595796e-32
YKL062W,-2.1309334601494,7.08342749258528,1337.91734664362,4.81026273649707e-34,4.96109300874316e-32
YDR011W,-1.28668036520209,7.73532085337623,1314.34587593125,6.96834476282991e-34,7.06706298030334e-32
YIL169C,-2.89054920514876,7.75596454914133,1313.23269888587,7.0925125400102e-34,7.07507193540362e-32
YPL025C,3.54729028494427,3.96682472490783,1304.66257387912,8.12953011566981e-34,7.97874044416948e-32
YFR055W,-2.02092922800573,6.83895942199708,1245.61883591883,2.13266022247044e-33,2.05987896090994e-31
YDR077W,-3.38207335836685,11.6147337539313,1238.96334204846,2.38415985624862e-33,2.26681448832388e-31
YOR376W,3.63468664260004,2.73589194528028,1207.66000225614,4.05948007583018e-33,3.80029788637333e-31
YDL039C,-3.04581036330411,7.55542424432721,1199.79242269753,4.65021377560119e-33,4.28735618553534e-31
YDR034C-D,-1.34820949629796,6.37053295690888,1195.75013062871,4.9880800382926e-33,4.53021896015082e-31
YHR136C,-4.59543747204368,5.79177942884365,1188.58106066415,5.65198588278593e-33,5.05769619069888e-31
YMR056C,2.02715222733204,5.85396565725667,1155.75293064891,1.0111314643145e-32,8.91700718891842e-31
YGR035C,-3.60827326248181,5.50663634699443,1138.6323764005,1.37818656628678e-32,1.19803789369358e-30
YFR015C,-3.00706457449515,9.31744373273578,1128.83414511163,1.64878476547553e-32,1.41307821097445e-30
YPL057C,-1.12303303722397,7.21558303026526,1113.90452307065,2.17297758492246e-32,1.81851525645976e-30
YBR093C,-2.20607701762585,7.21088277366628,1113.69123641402,2.18162060347679e-32,1.81851525645976e-30
YDR281C,-3.81195066068553,3.25737029073934,1100.56358957456,2.78936996325472e-32,2.29369138194661e-30
YLR410W-B,-1.37443311173298,6.39634149726145,1090.3076114607,3.38643910390913e-32,2.74753092630494e-30
YPR064W,2.70288172371942,3.3250125128706,1081.77086640083,3.98513897057613e-32,3.19073297841523e-30
YER037W,-1.8241735529148,5.58501715018476,1072.07133058618,4.80207003473651e-32,3.79488261835996e-30
YOL130W,-1.13152091092945,7.22842117883443,1054.46367615628,6.76487263785029e-32,5.25213688360481e-30
YCR018C,-1.63717856481755,4.5004690582726,1054.05966747185,6.81871509950336e-32,5.25213688360481e-30
YLR413W,-2.30945980475298,8.2335215541508,1049.27288853159,7.49189796657739e-32,5.69852489082793e-30
YHR092C,-2.43639320983554,9.93477716448969,1027.63732597241,1.15258111485942e-31,8.65858775792543e-30
YGR233C,-1.29154008123453,6.25336210437818,1013.48864389745,1.53486758155955e-31,1.1389840529012e-29
YBR070C,1.57107597631325,5.54054204767398,1007.86536244593,1.72177412975046e-31,1.26228862403994e-29
YJL077C,1.93564407803532,5.04621779553449,996.757973153469,2.16442185150783e-31,1.56791749600299e-29
YCL019W,-1.37090119513451,6.12203093533157,985.347242233513,2.74494686599177e-31,1.9650590211247e-29
YGR161W-B,-1.35203884696193,6.40039638619104,982.696463607967,2.90181742280315e-31,2.05320453694851e-29
YGR051C,2.53096641242378,4.87724867111612,941.226869783313,7.05691628468283e-31,4.9357857002638e-29
YFL002W-A,-1.36981390080113,6.28462899788262,935.354755945327,8.02743482601514e-31,5.55078874048888e-29
YML122C,3.07888932616079,3.00561104670892,920.45287508512,1.11716287737862e-30,7.63813045938081e-29
YLR312C,1.5058297297809,4.6621563302734,903.458089684831,1.63890451535722e-30,1.10808155288319e-28
YNL040W,-0.943605985751899,4.82875734639157,901.162450775396,1.72689076724469e-30,1.15473959545977e-28
YOR192C-B,-1.31140293171221,6.46721136464926,900.021715282636,1.77243762366732e-30,1.17231336304518e-28
YCR025C,2.58142521655199,3.42506211068342,899.323325345441,1.80094157136646e-30,1.17835800664139e-28
YIL011W,-1.69528507315846,5.33695138328469,897.622461563569,1.87238548402246e-30,1.21207081598688e-28
YPR124W,-1.19591056402328,7.7031551173077,876.214327598062,3.07403705056559e-30,1.96900162659912e-28
YGR050C,1.46573263971458,4.36975378839605,875.064840839547,3.15799710365082e-30,2.00170962247033e-28
YOL104C,-2.60517241257686,2.24968797941417,872.254427066038,3.37353886321091e-30,2.11628700851942e-28
YIL094C,-1.10033832328274,7.92166351404783,857.9261734193,4.73868181051298e-30,2.94233457316036e-28
YLR112W,1.54949181806903,4.06328079624156,850.041420275804,5.72625840809486e-30,3.5196244861876e-28
YHR216W,-1.27094687817676,8.05257294617312,821.819550149537,1.14343716399454e-29,6.95781514290675e-28
YMR272C,-1.34425879393231,7.29467403390781,815.627995470521,1.33479794976752e-29,8.04182725181717e-28
YLR111W,3.06594287974393,3.04060313064283,806.385047206684,1.68518214538254e-29,1.00532679947576e-27
YDR277C,-1.86096253651243,7.12229484490571,802.939283181505,1.83936657044991e-29,1.08665491079492e-27
YOR343W-B,-1.29060462084061,6.16979514719112,796.705056880305,2.15701950347923e-29,1.26206381525684e-27
YIL056W,-1.39102321191453,6.97973625652644,785.286065930608,2.89683172014801e-29,1.67878295400959e-27
YJR147W,-1.2757093559423,5.6584703885638,783.967071951305,2.99798971700278e-29,1.72101579509075e-27
YPR009W,-1.25780780518435,5.54986682301287,774.20545875547,3.87167294226731e-29,2.20178783679407e-27
YBL100W-B,-1.21838944310144,5.70185159195013,771.165796129815,4.19522817362626e-29,2.36037418548839e-27
YDL037C,-4.14980112705898,4.51973441430015,770.870676212728,4.22811481048865e-29,2.36037418548839e-27
YJR150C,-3.19756762178099,2.90755479559352,766.985096350235,4.68716943528539e-29,2.59285691033742e-27
YBR244W,-2.6319190860732,5.111064114053,747.080482576126,8.01027685265188e-29,4.39121933769249e-27
YJR010W,1.37132967854466,6.45545870504084,744.596385220463,8.572437620382e-29,4.65743597500219e-27
YLL053C,-2.16865859603609,3.78329556049958,740.356806411773,9.62927179108999e-29,5.18532025210465e-27
YOR092W,-1.0461598733192,5.93788773496442,739.920854524844,9.74542309781015e-29,5.20183329387498e-27
YGR087C,2.8013627227573,3.63707262121747,737.079287917474,1.05393364141253e-28,5.57668365912631e-27
YBL044W,3.20068853614302,3.27230421592101,732.588067647446,1.19350830105742e-28,6.2607741482193e-27
YNR067C,-1.39122445301349,6.65540005432947,729.971836297419,1.28361040657074e-28,6.67587121707946e-27
YKL182W,-1.15811662901735,9.62936053751275,722.546849904904,1.58024514762773e-28,8.14897603670739e-27
YDR261W-B,-1.23910432819795,6.07437586187712,721.511356804384,1.62699478971645e-28,8.31954898775178e-27
YMR006C,-1.7879935846873,7.22798189385527,714.477347319695,1.98542347479305e-28,1.00677515367631e-26
YOR049C,-1.06577903970231,5.38602931491806,712.497932063342,2.10053786062875e-28,1.05634486627487e-26
YDR210W-B,-1.21696858343782,6.21877536021881,706.27756721589,2.50998660174497e-28,1.25190725177198e-26
YKL051W,-1.05697545751415,6.78995420748987,701.512466945468,2.87974771795405e-28,1.4246556799797e-26
YJL082W,-1.10166558275341,7.47391028078324,698.254766344132,3.16502987378201e-28,1.55316183725512e-26
YGR155W,-1.06196334164446,9.1028245831282,697.043472165754,3.27851659902331e-28,1.59598188040455e-26
YBL005W,-1.23623874164463,5.9493939135513,694.424029484249,3.53874188605307e-28,1.70898764893912e-26
YNL160W,-2.47925973413378,7.09581716377054,691.247428199507,3.88360168515612e-28,1.86076505938386e-26
YLR300W,-1.30627883290696,9.19399864543176,685.123240305563,4.65147754123076e-28,2.21126881549915e-26
YJL117W,-0.657206776106806,7.29820641108015,681.803403294197,5.13266683483011e-28,2.42110679766986e-26
YJL101C,-0.931804709851533,6.96464172566173,678.280070736116,5.70073467816484e-28,2.66838234743331e-26
YGL255W,-1.43744976246994,6.88955838325909,677.216629568623,5.8848354049717e-28,2.73352850681319e-26
YMR015C,-1.31014866560033,5.9149984228016,676.382692674004,6.03355294247385e-28,2.78137648901162e-26
YDR055W,-2.06943359257068,7.58040185835234,669.336648407089,7.45859749106625e-28,3.41244855136377e-26
YOL158C,-1.74518322541322,7.75781060787984,667.409809707623,7.90674423595263e-28,3.59048796087849e-26
YKL045W,0.830024422626754,5.9449229585778,658.938872010902,1.02382228394751e-27,4.61478414653376e-26
YOR178C,-1.61612636591211,6.25853548187463,652.308568926516,1.25607709670351e-27,5.62002142164771e-26
YPR015C,1.74730278480666,4.38311638739869,644.011001662919,1.62681445846024e-27,7.22566859834346e-26
YDR345C,-1.23555448351002,11.8313086990517,638.871531266707,1.91246272273582e-27,8.40485171960105e-26
YNL217W,-1.47194787130205,7.34741053010888,638.748281156729,1.91992504359005e-27,8.40485171960105e-26
YOL155C,-2.20215165963747,8.00665863442278,635.405530511829,2.13438226751749e-27,9.27694006988852e-26
YMR173W,-1.91605949019811,4.97697723928248,631.156662130027,2.4437385297978e-27,1.05462049317869e-25
YER053C,-1.42370714595743,7.52989679199812,629.175160865572,2.60372752769056e-27,1.11575225394346e-25
YNL327W,-1.27652263376859,8.35893160178502,624.567894573909,3.01958567567489e-27,1.28490761094277e-25
YOR108W,-1.33142843465027,6.53256544440463,615.480969462073,4.05679418154775e-27,1.71427726352209e-25
YML035C,-0.793922651213162,6.66678870327115,612.389290628424,4.48970209528086e-27,1.88412670688166e-25
YEL071W,1.06989235567924,8.75471840289432,609.609561709053,4.92024798135371e-27,2.05066499770804e-25
YDL048C,-1.26086798838092,7.42902607146805,595.902474159693,7.77335384098396e-27,3.21774545050255e-25
YMR244W,2.01130986832003,3.31743178294041,593.733396274278,8.36430670015974e-27,3.43897339665352e-25
YIR028W,1.18420485941693,4.02993867865607,589.174891842006,9.76474689584142e-27,3.98781777591913e-25
YHR030C,-0.954236571917269,8.19949241959659,585.735360288273,1.09827500021459e-26,4.45533558420387e-25
YER042W,1.30465971467281,5.91044595690094,581.72307447335,1.26071468507821e-26,5.08042970774895e-25
YCL048W,2.05756000085264,2.61727870958984,580.677115469983,1.30706416994541e-26,5.23255623297224e-25
YNL279W,1.13187269588023,4.49844144538053,564.137510107815,2.33242690953765e-26,9.2763514670174e-25
YOL109W,-2.65001581544545,8.49198965648258,563.678274000514,2.37076772801362e-26,9.36761144478109e-25
YBR068C,-0.818823775737193,8.85644043906061,556.440148845819,3.0704961688807e-26,1.20541736694446e-24
YPR139C,0.652912239776513,6.53741331983634,541.944131046375,5.20353558951683e-26,2.02971243988525e-24
YMR145C,-0.792977504935249,8.41999369001232,532.107812113392,7.4991282461359e-26,2.90650925972847e-24
YJL016W,-1.02916292383708,5.87126026367935,523.776689403371,1.02701813807051e-25,3.95531985453104e-24
YPL062W,2.55579459609347,2.60446806757676,509.719922507872,1.76452528725242e-25,6.75291595781823e-24
YOR348C,2.258767569407,5.08915975952254,509.263868770512,1.79619599077942e-25,6.83115787743298e-24
YLR399C,-0.61728012226048,7.1867098342582,508.954082570431,1.81804798573296e-25,6.87131800818947e-24
YJL200C,-1.30561259225606,6.06994509415599,500.951575164049,2.49058000726032e-25,9.3550489778883e-24
YBR069C,-1.2400303354127,7.55243249451911,500.529325175765,2.53261420065417e-25,9.45457509876112e-24
YAL061W,-2.19423912330679,7.4879976828556,497.864511898981,2.81560434124379e-25,1.04469222051637e-23
YPL134C,1.39385925833261,6.15609437579279,495.35273368916,3.11272513402253e-25,1.14793529942588e-23
YKR039W,1.89629694406878,6.88575992922945,495.105242800284,3.14372647503323e-25,1.15238407232393e-23
YDR343C,-2.64130536724218,9.92590320672925,493.344357701923,3.37384196572403e-25,1.22933103960663e-23
YKL162C-A,2.69603205888567,1.97831618419888,492.452612943383,3.49703651911336e-25,1.26663495350029e-23
YNL134C,-1.26818889268963,7.39016982598034,487.70379912935,4.23725270254083e-25,1.52566169792668e-23
YOR114W,1.2309679174804,3.81993572554693,486.76823714839,4.40149270079495e-25,1.57547547554925e-23
YAR073W,-1.40090790150719,4.81249846727116,482.927625713775,5.14880628152568e-25,1.83219217678852e-23
YOL020W,-0.845728402492338,6.94476664556217,477.154737935547,6.53163718459944e-25,2.31075652722602e-23
YGR177C,-1.62027694941016,4.56357064433212,474.594085992162,7.26469899809589e-25,2.5552423932609e-23
YDR342C,-2.83448962676285,10.7250993521659,472.515308192501,7.9229819816759e-25,2.77076697462631e-23
YOR100C,1.98203245408264,3.4782549050913,471.936054634219,8.11732369832825e-25,2.82250941167585e-23
YGR180C,-0.721468915773694,9.0608067686091,469.659686909214,8.93071861046419e-25,3.08769447412924e-23
YGR110W,1.51493360558461,4.13381685465073,459.519528605025,1.3737325049116e-24,4.72269056067067e-23
YKL037W,1.57681927363301,4.66887481854808,457.828510270031,1.47726124945821e-24,5.0500756758164e-23
YDR010C,2.19797727989376,2.57293431751905,456.582100457872,1.55877805833547e-24,5.29897457260967e-23
YJL170C,1.15924584806277,4.2660711134085,450.46949750728,2.03251965767242e-24,6.87104562052038e-23
YLR346C,-2.04557256240145,2.94452866507831,449.110074388336,2.15705159598753e-24,7.25174528264315e-23
YIL015W,-0.926123344075332,5.54072799575677,446.939326190493,2.37272912801987e-24,7.93299821098953e-23
YMR122C,2.28554233300304,4.78039090950944,445.978667008786,2.47527156131251e-24,8.23061609321674e-23
YGR153W,1.29523747717883,4.11366315710394,444.585223545484,2.63232728599496e-24,8.70527800830398e-23
YNR050C,-1.0682260407879,7.62671775060073,443.636236355919,2.74523184683233e-24,9.02958691241876e-23
YNL300W,-1.46284376062744,6.48544138669431,442.31859823679,2.91046707440239e-24,9.52160868157987e-23
YDR044W,-1.69218852182108,7.97622246981417,442.098326362079,2.93908982816777e-24,9.56382973497374e-23
YGR096W,1.09833426900636,5.35376443164133,438.534445449506,3.44546986456478e-24,1.11519596414238e-22
YLR151C,1.20251267731675,5.52314866014462,435.455151560827,3.9564968894151e-24,1.2732852991343e-22
YEL065W,-1.3499315261323,6.59774183975116,435.347441660339,3.9757470309863e-24,1.2732852991343e-22
YGR044C,-1.14636638053616,5.86197137977173,435.019649879287,4.03493603045049e-24,1.28547569347075e-22
YEL040W,-1.45760910370871,9.0301126010128,434.228558487715,4.18161265588655e-24,1.32526630265988e-22
YLR161W,1.10347256565811,3.26835885445896,429.790838655929,5.11462137801955e-24,1.61256326866575e-22
YJR078W,1.88475753119496,3.75668233005769,424.98702829573,6.37428505349394e-24,1.99935693559333e-22
YER056C,-1.31336434040734,8.12952528441589,424.690500221941,6.46198516094588e-24,2.0117171361549e-22
YGR281W,-0.725937525468071,7.10649589859276,424.630740107173,6.47981197512506e-24,2.0117171361549e-22
YIR042C,1.23269145388702,4.6646452063986,423.320117988461,6.88399857977177e-24,2.12635184557925e-22
YLR108C,1.53769703385122,5.81649806332614,415.349067208239,9.9833160315263e-24,3.06810495211301e-22
YMR017W,1.60297924094548,2.69977458113166,408.078255044662,1.409291328789e-23,4.30931544506588e-22
YLR258W,-2.10384576227912,8.65707022210746,406.681847713721,1.50672302188046e-23,4.5842047940713e-22
YJR052W,0.66164310164666,5.87704617658097,403.864268430405,1.72539993252747e-23,5.22341223354709e-22
YLL060C,1.30787593297874,5.85233552260088,399.39158119012,2.14332503343632e-23,6.45650140022773e-22
YHR128W,-1.1990743623408,6.60563607427573,394.265812220318,2.75563692937846e-23,8.26012350505808e-22
YKR069W,0.93185700549888,5.78674865501091,391.660008597664,3.13469689444094e-23,9.35030911895741e-22
YOL114C,1.17227903290537,3.8403885407118,388.398111428223,3.68755336567464e-23,1.09457376732342e-21
YER072W,-1.10890314669113,8.31465146900146,387.934115409362,3.77412477727561e-23,1.11483248882146e-21
YLR213C,1.17552583738379,5.07921847544732,382.465206669038,4.97080868322628e-23,1.46122564432038e-21
YDL241W,-1.79153050868794,4.71666525246132,382.250839571092,5.02512447346627e-23,1.47009050101165e-21
YJR070C,-1.36023625761131,7.52157504410883,381.92289690758,5.10942278160898e-23,1.48759988641582e-21
YJR148W,-1.42187776068459,7.71040782781867,380.741735878948,5.42551307240744e-23,1.57210700217139e-21
YLR417W,0.685714468863309,6.36262313063529,377.857292939636,6.28651254396506e-23,1.81295871232357e-21
YMR252C,0.693402529056532,5.40466391866162,376.629424194973,6.69536151724702e-23,1.92175824681359e-21
YFR030W,1.04452551273904,6.44819742469748,375.983756836012,6.92142603825486e-23,1.97731818980192e-21
YMR195W,-1.45432604273997,6.82160781361101,374.444767911105,7.49307916149876e-23,2.13062554662243e-21
YNL332W,2.20756853798445,2.88046973980557,371.971663760617,8.51749309523434e-23,2.41064862718609e-21
YPL075W,-0.900067957071196,6.4941408522888,371.28265228464,8.82827063647628e-23,2.48703827884066e-21
YOL152W,-1.28122588978887,4.08785181376494,364.423903214747,1.2654247488795e-22,3.54843760227269e-21
YMR280C,1.21463018594075,6.05930376536329,360.918864946796,1.52462766364122e-22,4.25566941892514e-21
YDL182W,-1.06035237162747,8.24017477785743,357.969898220167,1.78566343528447e-22,4.96153516150959e-21
YFL068W,0.812318669451253,5.6216817521519,355.99935853617,1.98584676762376e-22,5.49267162772299e-21
YER047C,0.716379853404351,6.14746291815601,355.055009353534,2.08997742172504e-22,5.75225519198996e-21
YFL058W,2.03745407571622,2.72829171636914,354.978994370335,2.09860419494129e-22,5.75225519198996e-21
YLR136C,-1.44244968057376,5.36172423278857,353.027315332398,2.33334646037344e-22,6.36700144007731e-21
YMR319C,-0.832750129881596,8.31404903413389,352.085726387566,2.45627454007613e-22,6.67251365016216e-21
YLL061W,1.23647543778465,6.50791724015956,348.152987274605,3.04780760891672e-22,8.24262635567034e-21
YDR525W-A,1.24514234075836,5.4666503686406,347.903862853135,3.08997921089644e-22,8.31970066296674e-21
YBR025C,-0.652184398135555,9.27602462936125,343.869770572295,3.86483257859865e-22,1.03601349078294e-20
YOR212W,-0.668805139654319,7.3209970804169,340.395702129985,4.69497954997036e-22,1.25302414743727e-20
YNL024C,-1.39224173288955,4.99457909245015,339.741634708479,4.8711228265425e-22,1.29435731002232e-20
YGL162W,-1.3629286356816,5.87987238113351,338.42069318739,5.24827754666799e-22,1.38851169006412e-20
YPR061C,1.05316598083371,5.13897777719779,337.945251467118,5.3913996912501e-22,1.42020203988125e-20
YPL163C,-1.30474502464565,7.40366180989649,334.539007585462,6.54403616329367e-22,1.71639914024319e-20
YMR201C,0.604090359045231,5.20212128209372,332.567569269793,7.32646684367566e-22,1.9133712765565e-20
YOR328W,0.750158501647401,5.71264357272515,332.405464964956,7.3950172007743e-22,1.92302049857742e-20
YMR191W,0.858572331944669,6.12984093625557,331.406923481666,7.83235025270296e-22,2.02801512009698e-20
YDL227C,-1.99176069130638,3.4592785453523,331.333776938726,7.86543251179766e-22,2.02801512009698e-20
YOR204W,-1.10315733702025,7.02473218303904,331.088032077398,7.97765145953985e-22,2.04827042748101e-20
YLR157W-E,-1.60853205405939,3.04340474966055,330.901481172793,8.06395767935058e-22,2.06173035625413e-20
YKL152C,-0.828918236979793,10.9941807459541,330.718388407746,8.1496145492761e-22,2.07491232352908e-20
YML075C,-0.724600003409133,7.41772591873603,330.21733838037,8.38892585550527e-22,2.1269422429479e-20
YHR143W,-1.17172234762928,8.91634083134291,329.447099427125,8.77125099551227e-22,2.21464988828598e-20
YDR260C,0.801060216949349,5.81106032792037,326.016844952956,1.07090315954461e-21,2.69274616769792e-20
YOR126C,0.777825675699422,5.0785365918477,325.576548503702,1.09884332953874e-21,2.75163031285731e-20
YPL018W,-1.16242678181745,3.72360571710033,324.062875561154,1.20086067731713e-21,2.9947693530634e-20
YOL002C,-1.73392435915316,6.93416733497551,323.5821716356,1.23529497243047e-21,3.06806934989364e-20
YHL040C,-0.869129443558173,5.73260369442578,323.283791818066,1.25718723533715e-21,3.1043966530547e-20
YNL220W,-0.860520714772213,7.99962113163063,323.244167921211,1.26012485341744e-21,3.1043966530547e-20
YJR045C,-0.643116192147007,9.85471578114262,322.7053435616,1.30079276521314e-21,3.19166289367822e-20
YIL119C,-2.19838913087034,4.96727261326103,320.092148446297,1.51844664470685e-21,3.71074210162297e-20
YIL024C,1.24390764704384,4.48602307970287,318.171687285124,1.70250795501666e-21,4.14390436251056e-20
YOR318C,1.41079696883956,3.10663815785145,317.45324829873,1.77723989823894e-21,4.30856764174658e-20
YOR237W,0.802515353548283,4.22073217827554,317.380144964882,1.78503420114949e-21,4.31029091825185e-20
YDR119W-A,-2.19624065760026,3.64433155839283,315.608777853535,1.98525306422333e-21,4.77480825920908e-20
YDL035C,0.581920049103382,6.79360733291969,313.140186520175,2.30431002890772e-21,5.52036477397775e-20
YPR120C,0.820903253701187,4.93458278338708,312.720669333653,2.3636607349213e-21,5.64034336156711e-20
YLR432W,-0.666475768592446,8.66470851753843,312.584400068618,2.38328173410745e-21,5.66494896564213e-20
YLR273C,1.23119693622816,4.13935426001096,310.151067338136,2.76387958782008e-21,6.54404952991642e-20
YOL164W-A,1.62830570844987,2.46328017820329,307.905496483451,3.17171278719666e-21,7.48057066282624e-20
YOR032C,-1.03198595593859,4.26983398522542,304.9136393095,3.81533864086617e-21,8.96383615045198e-20
YDR384C,-0.872093090542843,6.18780642865377,302.898370947747,4.32486162208567e-21,1.00871433900987e-19
YER131W,-0.610779193260976,9.81205175527267,302.89187826752,4.32661368088046e-21,1.00871433900987e-19
YDR059C,1.03541264243759,5.60718262239985,300.88482003492,4.90550531092865e-21,1.13931297011454e-19
YDL154W,-1.40989230198982,3.38111841128965,299.713274611293,5.28037445338566e-21,1.22171401326433e-19
YCL027W,1.09840845220193,4.17365860214044,298.885286123019,5.56331276748254e-21,1.28230144659588e-19
YGR067C,1.57181793022523,4.45795463213989,297.618568528807,6.0272699351927e-21,1.38399764360934e-19
YLR214W,-1.21788298594419,7.44052264774646,297.428982262701,6.10011906423252e-21,1.39545956788928e-19
YNL146W,1.39457939495089,2.98338439962333,297.19727476199,6.19040660860465e-21,1.41080989563143e-19
YML008C,-0.60777973084124,8.77211232210983,296.621110427558,6.42103107036533e-21,1.45790947996914e-19
YKL108W,0.94963327472223,5.12084803505989,294.470573115927,7.364405332545e-21,1.66588871555897e-19
YIL047C,-1.17288319108104,6.39743097196065,292.98951178619,8.09765806387171e-21,1.82497219698738e-19
YBR085W,-1.05767832845696,4.57414062154891,289.741202874917,9.98643583863784e-21,2.24234177410005e-19
YGR157W,-0.871286884069095,7.02701227402004,289.467969919738,1.01650601075739e-20,2.27405848362452e-19
YCL021W-A,-1.46662238461374,2.83429992255579,287.857984110256,1.12877432899138e-20,2.51596768934526e-19
YGR197C,0.594416050027514,5.3472919750076,287.716875533411,1.13921409108795e-20,2.52996997966064e-19
YJR095W,1.89298875528722,1.9119656091046,287.344271087221,1.16726939853585e-20,2.58284883276024e-19
YEL044W,1.02932507190699,7.33972503874916,286.338496936265,1.24666896991472e-20,2.74854372533734e-19
YDR089W,-1.60543852852234,5.56711174689884,286.147148368836,1.26240417727519e-20,2.77318751578323e-19
YIL014C-A,1.31526715238835,3.36508073570524,285.356390082745,1.32966835491067e-20,2.91044314375231e-19
YDR481C,-0.847234903886901,8.08081416016385,284.378126085624,1.41810913430674e-20,3.09290110475144e-19
YOR227W,0.778341271039507,7.39764659969448,283.418443903441,1.51086753562872e-20,3.28343891225026e-19
YGR082W,-0.538981029022989,6.64308349310342,282.221252677768,1.63556279813749e-20,3.54177922657176e-19
YEL066W,1.39319838350923,5.37763895576605,282.08671819314,1.65023375858267e-20,3.5608767450268e-19
YIR027C,1.58927173573169,3.11560654809824,280.232453178675,1.8670818275395e-20,4.01455580232432e-19
YHR049W,-0.692803752399257,6.91914375365221,279.147371553886,2.00762657268878e-20,4.30155200521522e-19
YNL141W,-1.47934268514883,6.47377270694507,277.138975477525,2.29776319294202e-20,4.90592597510604e-19
YLR326W,0.692280375254735,4.82411991226693,276.743852148571,2.35983603276695e-20,5.02083995083457e-19
YLR250W,0.594771352956551,7.22350977848117,274.696822587993,2.71073953817414e-20,5.7473345260591e-19
YBR187W,-0.516565062572362,7.52102878533677,271.719314062096,3.32169117337867e-20,7.01822596875321e-19
YPR069C,-0.595196467364637,7.61451703360244,271.606289769278,3.34754539067262e-20,7.04837844368265e-19
YLR092W,0.700710141303836,6.07689380945144,270.849680570082,3.52613321820249e-20,7.39880021819384e-19
YLR307W,2.08447602986682,2.10473340077331,269.922681182789,3.75862387027414e-20,7.85952792117462e-19
YGR107W,2.23730319273324,1.43959415985393,268.946279436367,4.02092674259967e-20,8.37922576325992e-19
YOL154W,0.94566814721872,5.02814228321744,267.222182452386,4.53193688504128e-20,9.41188940118641e-19
YKL043W,-1.16283890277046,7.42014204211595,266.593161070237,4.73491695093068e-20,9.79998967565076e-19
YLR089C,-0.7496540860161,7.91812910876173,265.689599794801,5.04329086674316e-20,1.04028559064855e-18
YNL193W,0.59340327405997,5.82528756676345,265.593670398262,5.07724271729821e-20,1.04375074103918e-18
YBR146W,-0.438079519701478,6.46334470427229,263.157631766616,6.0246295975301e-20,1.23433909430878e-18
YDR111C,0.972028376902441,6.58410797615143,262.210676096301,6.44130864312927e-20,1.31528064071952e-18
YBL084C,0.602819925040327,5.7454169462458,262.068642007074,6.50636152124935e-20,1.32412073099673e-18
YJL213W,-0.843837381355732,5.50839527512279,261.888495207044,6.58986084117312e-20,1.33664344061795e-18
YDR018C,1.37361276404804,3.86426860546728,259.438598430459,7.84365714096102e-20,1.58566955823083e-18
YGL008C,-0.910632061607312,11.4122910010212,258.169883319142,8.58881566879946e-20,1.73056103790214e-18
YHR176W,0.920225725724308,4.83062823035963,257.231401890583,9.18747458295518e-20,1.84507534116443e-18
YGR223C,0.491794261192662,6.63259941148557,256.432159255525,9.73172699311769e-20,1.94794601161583e-18
YDR072C,-0.66499173364622,7.8106809579903,255.17293650619,1.06587025033003e-19,2.12274824155759e-18
YKL221W,1.3701912069609,2.73528302319892,255.152108435524,1.06747898425082e-19,2.12274824155759e-18
YMR244C-A,1.24836493404864,2.71181684504001,254.472931458142,1.12135478746762e-19,2.22262015691873e-18
YJR137C,0.688012638026489,6.39429850048008,253.875473587978,1.1711011813079e-19,2.31368528839564e-18
YGR264C,-0.731368223724292,8.12618843093844,253.337230328426,1.21789562314789e-19,2.3983478533511e-18
YOL061W,-0.723825938422998,7.39856516912455,252.969652810465,1.2509739223485e-19,2.45554074757762e-18
YHR007C-A,1.8736152020977,2.59667775977356,252.428971728343,1.30134854067305e-19,2.54620767523971e-18
YER055C,-0.969582635411242,8.48566582994709,250.127057427142,1.54078964981281e-19,3.00503365997146e-18
YLR049C,0.855464682071749,5.03397890992195,247.625475812495,1.85401932505835e-19,3.60437942267734e-18
YMR199W,-0.736282260417521,6.52446427179694,247.578527467741,1.8604981746308e-19,3.60545585752498e-18
YPR160W,-2.28510182609661,7.95486860328883,247.112345201564,1.92613175928523e-19,3.72079738261924e-18
YLR452C,-0.783331027809508,5.48892360939926,246.092242579168,2.07834760934648e-19,4.0021345578713e-18
YBR296C,-3.00574584906088,6.08045032934411,244.977404501236,2.25918702084357e-19,4.33372561647347e-18
YAL003W,-0.897021862767011,9.99861709162026,244.944371759104,2.26479005100832e-19,4.33372561647347e-18
YML022W,-0.679120786902165,7.36572183265466,244.747127722944,2.29855075466233e-19,4.38453960568033e-18
YDR078C,1.03364412512837,4.33224149155509,244.630813425785,2.3187058392527e-19,4.40916407245397e-18
YLR244C,-0.674564401060945,7.90848976176406,244.002054273306,2.43090701398851e-19,4.6081212399128e-18
YCR021C,-2.47087392207897,6.29451358599791,242.119014908011,2.80221833983864e-19,5.29549645898079e-18
YHR142W,0.519398424003151,7.07162679222721,240.957230882635,3.06051529156766e-19,5.76570760036817e-18
YMR105C,-1.48158767959047,8.89820059825738,239.112214321662,3.5231505071206e-19,6.6167811221694e-18
YCL025C,-1.71716102750597,7.4436654293067,238.856856592806,3.59272834782114e-19,6.72669292199743e-18
YOL047C,1.11683990960283,4.53140576152119,237.239083057744,4.06828822305118e-19,7.59372203597131e-18
YPR041W,-0.733645942112313,8.33500157984578,236.751586661335,4.22417148027565e-19,7.86057598087992e-18
YJL212C,-0.617772397280524,6.29304876266561,236.692629907447,4.24344298326292e-19,7.87236297352282e-18
YHR110W,0.66362720252799,6.50944912954819,236.379833789747,4.34723874091538e-19,8.04040964695139e-18
YKL161C,0.88967096484056,5.21155461103526,236.247073830454,4.39209272982376e-19,8.09875280635684e-18
YKL178C,1.67279626433597,2.23950419472504,235.788773387709,4.55069120242375e-19,8.36584772409322e-18
YIL055C,0.725241088794825,5.51438839001859,235.506229419677,4.65144429466077e-19,8.52531281114783e-18
YNL154C,-0.503779581112491,8.0386413620534,235.281882437345,4.73310645039404e-19,8.64893475995427e-18
YOL136C,-1.49826478529811,6.42947239361296,235.013359682007,4.83282526825295e-19,8.80471310099377e-18
YDR460W,0.481378337386768,5.81871890899726,234.954146728231,4.85510904076397e-19,8.81890701882053e-18
YKR106W,0.921816762672349,3.3692103907946,234.04799138433,5.20986998218246e-19,9.43513655999412e-18
YOL110W,1.54518338058293,6.63439259652899,233.431312137665,5.46673655260503e-19,9.87094715804203e-18
YGR230W,0.872346981069452,4.12828589081538,233.121975284382,5.60054413810521e-19,1.00826364143107e-17
YNL248C,-1.3439226445784,6.38769904803526,232.591188749129,5.8381891184004e-19,1.04794633585447e-17
YER044C,-0.747806924696908,6.43728227640201,232.508280453285,5.87625157505815e-19,1.05167620100673e-17
YHL021C,-1.65938679726333,7.77267489362718,232.274509828747,5.98497850502179e-19,1.06799396489905e-17
YDL229W,-1.10885130385643,10.3842813023217,232.061046466221,6.08609996328932e-19,1.08286310750338e-17
YDR480W,0.543638360352352,5.26497602858885,229.498799168181,7.44947767610887e-19,1.32157643321057e-17
YGR249W,-0.817097514636512,6.12433112736746,228.201223280772,8.25847282862786e-19,1.46083741750583e-17
YBR043C,0.496851381404655,6.4057839603298,228.074262138651,8.34242282894032e-19,1.47140993953918e-17
YBR034C,-1.278177071464,7.03916959253341,227.751926765708,8.55959614559401e-19,1.50535094063409e-17
YDL022W,-1.30087527410394,8.8036292007361,227.131323517982,8.99455586997499e-19,1.57728739103164e-17
YKR053C,-0.761516171567909,5.8881172757653,226.823905467934,9.21852291218569e-19,1.61191700921408e-17
YPR007C,1.72457132195725,2.29980303601684,226.252936574153,9.65012277778826e-19,1.68255006025334e-17
YBR238C,-1.79445214473655,5.43744720495577,225.983484969941,9.86109871881749e-19,1.71442244868584e-17
YMR042W,1.09104833952913,5.44268384416782,224.984503533608,1.06863701497261e-18,1.85260861427587e-17
YFL021C-A,1.64353619365258,2.64920977586176,224.257475667289,1.13322260608878e-18,1.95899419262791e-17
YDR452W,0.572462231022972,8.07004229772788,222.485447538259,1.30835132034881e-18,2.25533081708854e-17
YDR461W,-1.03352831703128,6.10548184969383,222.400658037503,1.31741033934196e-18,2.26453161437736e-17
YLR137W,0.876299947402893,5.87037493876023,221.909732965108,1.37116785407645e-18,2.35029757522682e-17
YLR286C,-0.554191567895861,9.92529877778778,221.644818897939,1.40112558410752e-18,2.39490145485794e-17
YNR003C,-0.80194215058766,4.88527780970052,221.076966273624,1.46767224644902e-18,2.50162062174854e-17
YKR077W,0.90892912682564,5.0411266763283,220.889273860968,1.49038856106747e-18,2.53324424416077e-17
YDR134C,-1.34429703819656,8.21127310323625,220.455758766094,1.54427451433794e-18,2.61752379380122e-17
YLR155C,0.86134941773177,7.13655888202059,218.829892722385,1.76523655029725e-18,2.98374011348855e-17
YNL144C,-0.766515136461195,7.10829769198787,218.614878948343,1.79684515571566e-18,3.02875423061767e-17
YHL023C,0.444617300701717,6.25726377124105,217.742434254133,1.93130659919545e-18,3.2464090210233e-17
YOR095C,-1.03256075774646,6.36269696799257,217.656274123353,1.9451452883373e-18,3.26066365827341e-17
YHR174W,-1.12955155419829,13.9907672723599,217.175414671623,2.02430831972459e-18,3.38326148844047e-17
YDR259C,1.05937614256907,4.5040667117603,217.145157707362,2.02940089281967e-18,3.38326148844047e-17
YIL077C,0.558789257504608,6.26720642153295,216.555861976398,2.13130537564011e-18,3.54344076796996e-17
YMR265C,0.479758260494739,6.38099628260389,216.139665480135,2.20649352321647e-18,3.65845043290795e-17
YCL063W,0.712788893458243,5.91806064248756,215.653219567234,2.29790422231434e-18,3.79965956325618e-17
YFR027W,0.871070468327907,4.55943914428647,214.718229675045,2.48490983411783e-18,4.09774426574715e-17
YJL181W,0.636169211620377,5.18873795597068,214.185207573315,2.59858439718537e-18,4.27361785320892e-17
YJR048W,-0.828198388021549,4.28189948345093,214.136444959843,2.60925195969994e-18,4.27959519535691e-17
YLR159W,1.16923451798318,2.22943859634814,213.41782357293,2.77188759233371e-18,4.53412258047061e-17
YBR014C,0.573530295181277,5.93592912733368,213.277871244705,2.80477679566931e-18,4.57562112644711e-17
YPL153C,0.771641537695623,4.84348976142211,212.778121988337,2.92559134201404e-18,4.75995275833032e-17
YFR026C,1.02691980852465,3.15374990115979,212.500226411734,2.99511740851088e-18,4.86007718154366e-17
YHR007C,-0.88912132008055,9.21974259791265,211.802153032612,3.17750314460467e-18,5.14231559439346e-17
YMR323W,2.02266227140608,1.11715807575805,210.951345413564,3.41562986115152e-18,5.513025916474e-17
YAR075W,-0.990149897531022,4.20978280576361,209.969369159515,3.71386286913973e-18,5.97853321659134e-17
YGR211W,-1.23384415088905,6.39599417010874,209.668169877161,3.81070563434756e-18,6.11824374274535e-17
YLR403W,-0.586714118703298,6.01153622167963,209.571315178691,3.84240536970129e-18,6.15290438806115e-17
YLR260W,0.538972308090486,5.92957530908901,209.256287362796,3.94743373385598e-18,6.30449718386185e-17
YMR133W,0.905071145836697,3.81736298765296,208.854347051573,4.08581778257487e-18,6.50842963533195e-17
YMR081C,-1.45082044004397,5.5899911634533,208.697870955858,4.14105555725757e-18,6.57919662295361e-17
YPL221W,-0.527769344780334,7.9735487143805,208.43590163717,4.23528997830628e-18,6.71139049947753e-17
YIL046W,0.870850007589686,6.8525575233916,207.908022677633,4.43205817713077e-18,7.00495428775084e-17
YPL060W,0.750037810543812,4.36832038540383,207.363444926119,4.64510363620833e-18,7.32265689801235e-17
YLR158C,0.816905682699886,7.6348353009077,207.276445080339,4.68011975889406e-18,7.34443812340241e-17
YCL055W,0.593866817934727,5.22796177940985,207.269170957847,4.68305997022208e-18,7.34443812340241e-17
YLR249W,-0.801034752822032,11.8287167574505,206.672373626808,4.93099577360139e-18,7.71339570240732e-17
YGR108W,-1.20210573826864,5.29621480476965,205.968535124679,5.24115940889791e-18,8.17755256490866e-17
YBR287W,-0.611255677254851,7.96311236260838,204.073570692247,6.18202191395767e-18,9.62087042108245e-17
YNL064C,-0.808277819408156,8.72492942360856,204.004216705538,6.21964058490481e-18,9.65472269365963e-17
YNR056C,-0.711492285210861,4.48198837471273,203.771927431234,6.34739240438401e-18,9.82795999508312e-17
YKR097W,1.03553758836944,4.2398686431482,203.44792700453,6.53018687002687e-18,1.00853266761709e-16
YJL219W,1.0577249529474,3.69784445125397,202.141938454646,7.32474534023616e-18,1.12713704279641e-16
YPR140W,0.640102403049343,5.76254265990538,202.12577629633,7.33518930069645e-18,1.12713704279641e-16
YBL085W,0.546411751373343,7.72418133558007,201.55305022232,7.71552810357114e-18,1.18259416902344e-16
YDL024C,1.13302678208707,2.89648691928038,201.452374333166,7.78449084942296e-18,1.19016650298339e-16
YKL185W,-0.683441516693543,7.05912951926617,201.387882133985,7.82900657280922e-18,1.1939725562793e-16
YPL188W,0.659015638510823,5.34691257250713,201.136148196622,8.00533144669524e-18,1.21781104632851e-16
YLL028W,-0.835227939481769,5.82480516105567,201.022411574233,8.08635567113919e-18,1.22706918351327e-16
YHL035C,-0.766594807225874,6.54716163927672,200.02382296445,8.83567776311427e-18,1.33744027832215e-16
YFL060C,0.973678944669454,3.92922060366378,199.94320306886,8.89926232966169e-18,1.3412610613793e-16
YDR234W,-0.734848669932242,6.56555275134774,199.935953318932,8.90500359568182e-18,1.3412610613793e-16
YLR160C,0.853823207554125,8.96397343631729,199.529562858152,9.23311475049366e-18,1.38724699399392e-16
YIL117C,0.787608765028764,7.40187150197419,198.596590660693,1.00351624721649e-17,1.50403851337742e-16
YLL056C,0.82886234108814,4.4232748087575,198.48093083734,1.01395556779299e-17,1.51595076904676e-16
YDR092W,0.654913492623239,6.92634685709369,198.168730964504,1.04270573398727e-17,1.55511382140012e-16
YDR074W,-0.840116624942639,9.36495112802854,198.049425289568,1.05391664533687e-17,1.56799090143639e-16
YOL011W,-0.537957604056979,5.79605540593158,197.975636611472,1.06091349092381e-17,1.57455087616375e-16
YOL163W,1.14768856865851,2.93173848029611,196.723527524644,1.18735033029307e-17,1.75791405348743e-16
YKR058W,-1.11151110043119,7.24981773403092,196.569270666518,1.20398442713732e-17,1.77821486386665e-16
YOL156W,0.957374142344984,4.32737183293794,196.331642239465,1.23008763184573e-17,1.81236882319159e-16
YKR055W,0.582334596299739,4.46912759757792,195.973507675956,1.27055285829727e-17,1.86746718423645e-16
YLR356W,1.17678177039017,5.86516001061216,195.929697531493,1.27559770189758e-17,1.87036434121608e-16
YNL148C,0.648958185991958,5.99116327515314,195.657542203562,1.30741029398904e-17,1.91240183627964e-16
YMR291W,-0.819093578930031,7.80771105778689,195.510362253254,1.32495924413806e-17,1.9334237411463e-16
YNL333W,0.977660576079205,4.73561257651633,194.472834686847,1.45587822802084e-17,2.11938254007339e-16
YOL162W,1.43551128543216,2.80197717333161,194.184270894451,1.49464705812207e-17,2.17062705218922e-16
YGR239C,0.594194114948804,4.47374384604768,193.684854664959,1.56431844899328e-17,2.26639946717241e-16
YML055W,0.934175690968706,5.61016415320595,193.351253097062,1.61274472981871e-17,2.33100990046244e-16
YFL026W,-0.801514339914608,7.82541314542933,192.861058970748,1.68676783451836e-17,2.43222328745124e-16
YER060W-A,-0.857102921397672,4.8744588639648,192.266912681394,1.78128218987357e-17,2.56243549063373e-16
YOR003W,0.667434097375486,5.40680024103043,191.573801964785,1.8985852884402e-17,2.72473855664119e-16
YLR446W,-0.778354579873704,4.27052325013531,191.43649500372,1.92276762331669e-17,2.75295082067813e-16
YFL054C,1.3989130274967,6.82778926910728,190.865095754083,2.02691696426996e-17,2.89525580459688e-16
YMR266W,-0.567335525703731,7.480635627522,190.81821405848,2.03572020798631e-17,2.90102048374629e-16
YIR039C,1.01070780624246,5.53137207701865,190.649846233169,2.0676669076576e-17,2.93567130178953e-16
YMR120C,-2.49234744176233,7.86780555638811,190.639304788631,2.06968445105622e-17,2.93567130178953e-16
YOR222W,0.799158617576286,7.54235552372105,190.565785523584,2.08381283201982e-17,2.94883746112573e-16
YGL234W,-1.09338535132471,8.7705589079941,190.52082545358,2.09250262493938e-17,2.95426414681116e-16
YOL112W,0.470420486707053,6.12430916461768,190.301960075162,2.13534944682556e-17,3.00777809813276e-16
YIL013C,-0.460405513350463,5.14153171290716,190.017404009918,2.19243367968123e-17,3.0690694627022e-16
YBR183W,0.662350931450378,6.17978595930867,190.012606756303,2.19340962370834e-17,3.0690694627022e-16
YNL231C,-0.790365064562323,6.8801491844105,189.997788658858,2.19642706102806e-17,3.0690694627022e-16
YLR056W,-0.805111377013735,8.85955123010778,189.984986701304,2.19903744574882e-17,3.0690694627022e-16
YBR018C,0.973090208179246,3.07051440709119,189.41107806658,2.31946004096577e-17,3.22972868404501e-16
YKR061W,-0.624456119602974,5.13117064582281,189.031426855005,2.40289893462606e-17,3.33445178391248e-16
YJL153C,-0.764861199798501,3.47579498707117,189.019245835031,2.40562749899355e-17,3.33445178391248e-16
YGL163C,0.567207971428682,6.14829564690357,188.765991361589,2.46309744533994e-17,3.40635180793035e-16
YPR006C,0.784998793752049,5.4846659222044,188.121066305402,2.61603104099046e-17,3.60964827311269e-16
YDR541C,0.423755241565804,5.3856406250099,186.983362753443,2.91053778596348e-17,4.00692815103796e-16
YLR157C,0.812288479589575,7.33281751573757,186.799998769469,2.96116007838796e-17,4.06741739886923e-16
YDR518W,0.45094462508103,6.4986004734001,186.630551930929,3.00875964309561e-17,4.12349153789116e-16
YDR037W,-0.552668573766953,9.67472552523484,186.282793165042,3.10897453649097e-17,4.25126068641518e-16
YLL023C,0.536751312261455,7.42781477736685,185.330719139439,3.40161938726217e-17,4.64099864831621e-16
YMR148W,0.743743395442429,5.30368466152636,185.243171309793,3.42993970890239e-17,4.66445860936865e-16
YOL052C-A,-2.27055077843542,4.77470736139288,185.230234716202,3.43414536893534e-17,4.66445860936865e-16
YLR231C,0.657773367682065,5.89496376736031,184.053749075473,3.84011802669311e-17,5.20425794931571e-16
YPL107W,0.577847205246886,5.02299006768414,183.785139055213,3.93966471760111e-17,5.32730217924506e-16
YDL214C,1.32484882863635,3.78964017351029,183.313391463094,4.12108513874215e-17,5.56026675593037e-16
YDL090C,0.479818662091566,5.55508572548021,182.398067146545,4.49848111658987e-17,6.05603044124986e-16
YPL124W,0.608509257375459,3.87809641471028,182.076658409935,4.63943681035637e-17,6.2320028677745e-16
YLR191W,0.505002654568866,5.44543738236934,181.897378648258,4.72006208192804e-17,6.32633871553571e-16
YLR001C,0.51178397838839,5.91065691304939,180.603926815399,5.34699690189318e-17,7.15087387868571e-16
YOR340C,-1.24424829974629,5.78432122365521,180.575225800332,5.3618583426094e-17,7.15502368745136e-16
YKR076W,1.27796123722442,6.30791728329007,180.488357140728,5.40710309744098e-17,7.19961101705216e-16
YLR058C,-2.07837287380451,8.65261850844439,179.345075021371,6.04125122901849e-17,8.02642221147981e-16
YER130C,-0.572232321726943,5.98706343849111,179.168029402958,6.14621079042188e-17,8.14808118948086e-16
YLR420W,-0.623424805668488,7.11161728727477,179.037851473694,6.22460179291549e-17,8.23406563258495e-16
YJL210W,0.788508407820627,6.25797892297197,178.707589540065,6.42821122493944e-17,8.48495993573894e-16
YGL156W,0.959125308347224,5.82927421511752,178.528984557195,6.54121541833226e-17,8.61543199579044e-16
YLR415C,1.22419008511181,1.56932450266211,178.422189347054,6.60977672084891e-17,8.68693117632086e-16
YDR361C,-0.935333192044092,5.78923552750231,178.154234757026,6.78513198990821e-17,8.89817417211023e-16
YHR061C,0.630239642955909,5.05950985765728,177.760298124908,7.05182400974373e-17,9.22803206436357e-16
YPL222W,0.98004564511623,5.43844357402301,176.518630126162,7.96659056286645e-17,1.04027260890649e-15
YOR161C,-0.775308785953602,6.67015444630919,176.480549874715,7.99653437042277e-17,1.04194671614609e-15
YIL070C,-0.639615441023693,5.47429986509239,176.271069390857,8.16337563723257e-17,1.06141326394359e-15
YKR080W,-2.50068991597495,7.31582674436233,176.234202404204,8.19311345622811e-17,1.06300843030166e-15
YOL097C,-0.598281854451373,8.14167835327107,175.678634139562,8.65523789645801e-17,1.12057707659462e-15
YER165W,-0.432418181160569,9.3421296399128,175.275894237331,9.00724335959945e-17,1.16367464635165e-15
YPR079W,0.493073562992473,6.0224191922193,174.530498226191,9.69883998718298e-17,1.25036951953408e-15
YDR058C,0.688273341623097,4.38659885190761,174.361616903262,9.86311908578635e-17,1.26886003460909e-15
YJR156C,1.4405485650202,3.62934956987249,173.621037440824,1.06186569869414e-16,1.36317569125609e-15
YMR011W,-0.944051982802532,11.6552620333993,173.110698277376,1.11743797978183e-16,1.43149686462577e-15
YBR054W,-1.835418994831,5.2386629722291,172.877556504702,1.1438304355044e-16,1.46222861345468e-15
YLR407W,0.573313285663308,4.51483481191775,172.813378331222,1.15120955212858e-16,1.46857654605921e-15
YDR076W,0.870986467620485,4.3631951168287,172.343217582103,1.20681063777768e-16,1.53628509014167e-15
YBR207W,0.440955828748578,7.34276560861537,172.258766563691,1.21709198187271e-16,1.54613877029132e-15
YJL037W,1.72136119301908,1.70243872337072,172.166488847403,1.22843105064931e-16,1.55729227983356e-15
YLR105C,0.409357592786487,5.98817337043072,171.788442368231,1.27605232210378e-16,1.61429903950136e-15
YOL143C,-0.792744449210298,8.41747172092425,171.3397785686,1.33508718425603e-16,1.68444242873043e-15
YMR220W,-0.439771879815103,6.63023363852799,171.325332488254,1.33703482839244e-16,1.68444242873043e-15
YKL162C,0.860038024180654,4.49705193153137,171.186496335711,1.35590526308479e-16,1.70468667889895e-15
YFL059W,1.01629724931635,4.81761408935086,170.633860729388,1.43382623113296e-16,1.79893456009156e-15
YAR008W,0.562702849787019,4.94809323722568,170.485608080539,1.45551705905637e-16,1.82239121488849e-15
YJR025C,0.840537450894605,6.42711072604628,170.367783692671,1.47300074625283e-16,1.84049477226868e-15
YCL026C-B,1.09444227412551,4.76080833584001,169.991583707379,1.53031041900765e-16,1.90818420075031e-15
YHR063C,0.355096947534235,6.79061574208601,169.955631888307,1.53590809529426e-16,1.91124759915452e-15
YPL226W,-0.864452838849863,8.58226377905201,169.613953998267,1.59018910139164e-16,1.97475524121799e-15
YPL015C,0.558840634132629,6.98764280555907,169.485383409845,1.61113119392039e-16,1.9966870295327e-15
YBR158W,-0.69823686359936,7.34382996392254,169.405874084516,1.62422625537445e-16,2.00882454551901e-15
YLR180W,-0.940576771001834,9.0940699179507,169.376571972482,1.62908031548916e-16,2.01074111962506e-15
YBR077C,0.719005546150483,5.97833240086212,169.038922198416,1.68612210988415e-16,2.0769338134909e-15
YLR154C,0.790909639060707,5.29090193835676,168.836488629749,1.72131960451078e-16,2.1160060188784e-15
YHR089C,-0.720676492840199,8.4604865446107,168.65083833215,1.75427515005339e-16,2.15217021936993e-15
YMR012W,-0.593095652605098,8.16303082148376,168.501079296185,1.78134044545752e-16,2.1809771852332e-15
YOR091W,-0.822263590092115,6.06258842761132,168.474778138195,1.78613867671167e-16,2.18246061200613e-15
YLR397C,-0.688711494099652,5.68491499507303,167.783859167349,1.9171538017819e-16,2.33554954645215e-15
YNR034W-A,-2.10670224592391,5.69250563297215,167.773951908091,1.91910398229429e-16,2.33554954645215e-15
YNR066C,-1.1821144115751,2.42559316564832,167.623276459572,1.94902073559406e-16,2.36722378764268e-15
YDR421W,0.465759107405254,5.9641607663193,167.58397861988,1.95690333034431e-16,2.37206310062652e-15
YMR242C,-0.47052436724461,9.64816222817093,166.743492204056,2.13372786335848e-16,2.58125925418217e-15
YJL194W,1.16829242265636,3.05281744036017,166.683838994374,2.1468973470744e-16,2.59086962976504e-15
YMR307W,-0.595025255537089,10.3066243698323,166.66899501017,2.15018761385595e-16,2.59086962976504e-15
YBR189W,-0.524085204702848,10.5875332443849,166.469503731689,2.19492181201712e-16,2.63954530160556e-15
YNL097C-B,1.11121876893156,2.58305813091576,166.448127559156,2.1997726782004e-16,2.64016109405314e-15
YDR506C,0.652792030759159,5.25856137184009,166.085848394,2.28371287904676e-16,2.73433616143962e-15
YPL278C,0.85030186091409,2.64117864212435,166.070990771391,2.28722613997168e-16,2.73433616143962e-15
YLR347C,-0.522821997918794,6.37256737118248,166.039202491833,2.29476186610124e-16,2.73796587357374e-15
YLR207W,0.402741532832298,6.7753864823988,165.811601024141,2.34948184438872e-16,2.79776849767229e-15
YDL244W,1.66132995491131,3.10944083759904,165.767113407514,2.36033618049339e-16,2.80520423013716e-15
YKL163W,-1.36161968172056,5.67684051024597,165.526089626148,2.42006188511607e-16,2.87058022825172e-15
YPL036W,-0.63894781698171,5.59040887382983,165.095084869481,2.53084125226458e-16,2.99614183269066e-15
YKR096W,0.433881950226186,6.73206118677513,165.040758692139,2.54517651317371e-16,3.00726195779845e-15
YLR174W,0.623293184540719,4.09192840581848,164.956839554168,2.56748783646232e-16,3.02774486140954e-15
YJL115W,0.590637214081733,6.75204566932144,164.603261289257,2.66376477692039e-16,3.13520477128831e-15
YCL036W,-1.80554656168001,3.58109647251188,164.181075747133,2.78369383339479e-16,3.27003416529098e-15
YPL061W,-1.41820321395183,10.6399876465764,163.929470493806,2.857841974952e-16,3.35066828855162e-15
YJL138C,-0.547518292306938,9.95762758103485,163.869426881714,2.87584048111881e-16,3.36528640915538e-15
YGR246C,0.495587649875857,6.36649277897403,163.6879486484,2.93096458664668e-16,3.42320911895298e-15
YNR053C,-1.94749121706115,5.44387951656961,163.478573839518,2.99593883228423e-16,3.49082011214772e-15
YLR099C,-0.553860578667435,6.41025256003308,163.464605341458,3.00032690000535e-16,3.49082011214772e-15
YOR344C,-1.2191487511734,5.9959124347234,163.206540262467,3.08261701114254e-16,3.57971841847373e-15
YBR061C,-0.677148902127842,4.68467172241824,162.869963235512,3.19350706994035e-16,3.70142676582611e-15
YML042W,0.673563055456825,4.94679043476674,162.722162188115,3.24351396222047e-16,3.75224001142805e-15
YLR060W,-0.519801842695133,8.69168468490015,161.715461644397,3.60667662811699e-16,4.16444540457151e-15
YLR279W,1.13301927715685,2.46915043468008,161.247737534191,3.78965361155809e-16,4.36743223983541e-15
YER079W,0.642373991607771,6.45533442160226,161.153600802732,3.827640739804e-16,4.40287219313938e-15
YCR005C,1.15868222806273,7.8733436456074,160.875701523554,3.94212421152727e-16,4.52600487304593e-15
YML106W,-0.507323679037334,8.23650863990785,160.529045466863,4.08997644803151e-16,4.68691274694383e-15
YLR046C,0.549780700833155,4.8546969817891,160.489964963421,4.10700496218297e-16,4.69757992385026e-15
YPR123C,-1.46700042283029,2.74247419067951,160.285895912192,4.19713707920421e-16,4.79166587747798e-15
YIL101C,-1.09569247738246,6.1834932699082,160.197773302827,4.23669634236931e-16,4.82777101934781e-15
YPL245W,-0.773422851688841,6.04497123785576,159.969219077636,4.34112623562821e-16,4.93752395211172e-15
YKL104C,0.43881537675379,8.3529035046895,159.943885611483,4.35286620774537e-16,4.9416400884572e-15
YNL221C,-0.696196005831046,6.41304216982086,159.887570413484,4.37908284364755e-16,4.96214508446841e-15
YPL232W,0.627037319359892,8.22153107764402,159.579199539487,4.52559963830714e-16,5.11863825262062e-15
YLR193C,0.494594256933638,5.25594675176739,159.445527911878,4.59069682443192e-16,5.18263268583827e-15
YPL093W,-1.55883334059105,6.98577261967329,158.982225632161,4.82401021972141e-16,5.43594484944533e-15
YFL020C,1.27549017257776,2.0951103401604,158.955356141704,4.83791648687886e-16,5.44153822969647e-15
YCR024C-A,-1.08486818107536,7.22894104570769,158.409192729856,5.12986474042168e-16,5.75926696410811e-15
YDL197C,0.445317293659647,6.17328829465512,158.085253718281,5.31168312366299e-16,5.95241101427059e-15
YPR167C,1.16069278384865,6.15464333526868,157.799335949768,5.47776529072839e-16,6.12724297685336e-15
YGL120C,-0.986417865897881,7.10465340542007,157.717472106333,5.52631206215033e-16,6.17020346755684e-15
YHR006W,0.542936402446251,7.03322531191787,157.671868498874,5.55355092841473e-16,6.18925959696037e-15
YOL048C,0.777846496175336,6.32492954453106,156.61162039517,6.22808232787654e-16,6.92831461885352e-15
YLR359W,-1.02613725863489,8.71885605086428,156.351272806232,6.40648205987101e-16,7.11376703180933e-15
YPR010C,-1.0330454005327,8.04883804174611,155.82167053356,6.78609065809171e-16,7.52155949990675e-15
YDR430C,-0.404389642255725,6.53215206808188,155.734797101702,6.85057380231104e-16,7.57922574310231e-15
YLR181C,0.442498353319509,6.41925247801486,155.158240137145,7.29511148661373e-16,8.05639807550717e-15
YDR213W,-0.871334645646716,6.0983482041624,155.03267170547,7.39587060089836e-16,8.15287547218597e-15
YPL024W,0.56249293358315,5.06257119295673,154.882393569303,7.51837507306624e-16,8.27293170336493e-15
YLR372W,-0.535355421843719,8.22230112575516,154.639465740048,7.72091747021375e-16,8.48046621051457e-15
YOL084W,0.941815328315567,3.88770487319255,154.517577950978,7.82468572668092e-16,8.57895723366728e-15
YJL069C,-1.27927691840393,5.24778577881242,154.283674831654,8.02792631488425e-16,8.78595892555228e-15
YCR057C,-1.35736837233864,6.27540429709541,154.217904359919,8.08606454493139e-16,8.83369887897801e-15
YIL051C,-0.431597782641429,8.92911869988045,154.137666146264,8.15758886971273e-16,8.89586528175663e-15
YML101C,0.885963867053927,5.74407320069319,153.984115129603,8.29631635589654e-16,9.03096333195535e-15
YCR024C,0.595749001693969,5.10043589561767,153.706720737411,8.55322698020709e-16,9.29399753117146e-15
YDR395W,-0.796684192926849,6.56791701213057,153.465650358986,8.78325776702946e-16,9.52693823749987e-15
YKR026C,-0.45404390954325,6.50389058571643,152.973454908668,9.27324902280124e-16,1.0040519627001e-14
YAL067C,1.37752444856734,2.27058263639739,152.713394246695,9.54361696628971e-16,1.03149039502439e-14
YNR075W,-0.997544507601065,4.04648516870443,152.37002364454,9.91329414594415e-16,1.06779065902052e-14
YOL108C,0.616135519251334,5.27256841140432,152.368859861718,9.91457226535073e-16,1.06779065902052e-14
YKL009W,-1.18153109472025,6.91757506458503,152.249571317564,1.00464995788856e-15,1.08008745472648e-14
YBR143C,-0.614925584170627,8.35767269870949,152.129003503228,1.01817098296453e-15,1.09269319776705e-14
YAR007C,0.517122167067202,6.42562686881783,151.786590654986,1.05761924960299e-15,1.13303048130883e-14
YJL104W,-0.419349315218672,6.00001319178171,151.768447239479,1.05975360977535e-15,1.13332174261564e-14
YLR256W-A,-0.620274983560168,6.34449917718872,151.684441375606,1.06969483300618e-15,1.14194615067414e-14
YMR018W,1.26587044468056,2.8079926240398,151.620804306855,1.07729056510894e-15,1.14804082113624e-14
YPR065W,0.756311552231877,6.33961701538398,151.450776604206,1.09786328426347e-15,1.16791924558448e-14
YER156C,-0.639081102401532,7.55979761785172,151.315521735559,1.11452209482924e-15,1.18357189302547e-14
YGR009C,0.392464228453504,7.39726847926073,150.823518824569,1.17738600313899e-15,1.24815223503497e-14
YBL039C,-1.28893750210774,6.46028008471619,150.572254686245,1.21091145200318e-15,1.28146020616337e-14
YHR080C,0.498697274437964,6.62782966656152,150.451440769004,1.22738555197499e-15,1.29663907704302e-14
YHL050C,0.757511086459662,6.51606445631208,150.366444913832,1.23911596760603e-15,1.30676267987568e-14
YDL033C,-0.678127916530034,4.24027131537444,150.211957336498,1.26073847586028e-15,1.32726533315049e-14
YGR161W-C,1.12493046966351,6.13668394190319,150.159083970123,1.26822917585901e-15,1.3328453428501e-14
YNL047C,0.416759580512326,5.48405839693158,149.930674861963,1.30112769589999e-15,1.36506241888818e-14
YLR224W,0.422330367625957,7.1543971271096,149.608956331301,1.34898852121191e-15,1.41283909665653e-14
YPR145W,-1.01976624741218,9.14006002136711,149.472468590452,1.36984662586131e-15,1.43221936741685e-14
YDR536W,0.558664789836258,4.01466048274719,149.368370130065,1.38598173458237e-15,1.4466035771756e-14
YJL177W,-0.493232010860883,9.63014052558976,149.126391804916,1.42426136460302e-15,1.48401205541257e-14
YDL169C,1.21343057987614,5.08461348575446,148.698701522673,1.4946501563042e-15,1.55469165830958e-14
YDR019C,-2.29646405286258,5.9545035170175,148.638782188271,1.50479862322388e-15,1.56257672735791e-14
YLR008C,-0.771397148298552,5.25351080881878,148.218011889638,1.5781265199819e-15,1.63592842829469e-14
YDL201W,-0.768880598359579,5.74263090271419,148.148357725516,1.59062152841689e-15,1.64607687081918e-14
YBR199W,0.352211072485848,8.17145593157848,148.072530937135,1.60434160194526e-15,1.65745647671255e-14
YGR008C,-1.31994395084685,8.48273765506231,147.885264042301,1.63875893084743e-15,1.69014374478079e-14
YGR266W,0.415584354954354,6.5637556000672,147.68905959926,1.67564892737273e-15,1.72526628139815e-14
YPL255W,0.408522659734658,5.26225563369049,147.556994315355,1.70096817844014e-15,1.74837691990004e-14
YDR359C,0.515404217541179,6.25609036350141,147.377577156394,1.73600880651104e-15,1.78138509066099e-14
YGR185C,-0.378258907567047,8.13950723472687,147.246750952106,1.76203526015838e-15,1.80504790539794e-14
YDL127W,0.662890280146293,4.63835033784757,146.997909760626,1.81267293393313e-15,1.85204036047813e-14
YAL038W,-1.22691139580693,11.3257672453794,146.991509994737,1.8139951599753e-15,1.85204036047813e-14
YMR008C,-1.54367646862436,7.71868907691754,146.763798504708,1.86170459401637e-15,1.89756657530814e-14
YIL079C,-1.11370799466714,4.54297090106116,146.646331725306,1.88682759719427e-15,1.91995751319852e-14
YMR215W,-0.585914590091835,7.20852305531773,146.563302712239,1.90479913953962e-15,1.93210962711366e-14
YDR191W,0.79269032343033,4.11611684212546,146.561825852185,1.9051204211474e-15,1.93210962711366e-14
YER110C,-0.808431796288345,7.84294561634714,146.33233173132,1.95574115917537e-15,1.97912064329204e-14
YOR383C,1.1847581011915,11.5970918033955,146.322327252792,1.95797966682302e-15,1.97912064329204e-14
YKL188C,0.619949635982706,5.17402339548424,146.306237978881,1.96158527631527e-15,1.97947701598316e-14
YPL230W,-0.928628359178945,5.84191500908027,145.818326566707,2.07429308648035e-15,2.08974725682665e-14
YPL003W,0.391261245680756,6.35781338738634,145.753828768411,2.08969163469146e-15,2.10178075985083e-14
YPL147W,0.888994875501482,5.13604433948768,145.459349913369,2.16153241544859e-15,2.1704496283836e-14
YMR041C,0.586772415449043,5.26355187789901,145.299917576353,2.20150150283362e-15,2.20694178661328e-14
YBL001C,0.606670082566804,6.97233724012503,144.980558773329,2.28390778405297e-15,2.28578599769117e-14
YLL012W,-0.589230303365695,5.83903261195174,144.954556637105,2.29075790471725e-15,2.2888771511009e-14
YGR232W,0.616109977916794,6.48682899660373,144.772872633471,2.33922560498553e-15,2.33347341087491e-14
YGL034C,1.81097733264153,1.40181250846516,144.711552546772,2.35582516688333e-15,2.34618594770623e-14
YOL014W,-1.11675640984004,4.7682518463723,144.643429905717,2.37441084463953e-15,2.35825180041237e-14
YEL046C,-0.63801498875635,8.47556822947084,144.638755995866,2.37569162473753e-15,2.35825180041237e-14
YLL043W,0.37535648333003,8.21330444314289,144.529109939759,2.40594602621918e-15,2.38439439243383e-14
YPL040C,-0.452321636861161,5.30414389402484,144.251476549007,2.48436991188095e-15,2.4581123437066e-14
YLR304C,-0.651370917581641,8.89285872590411,144.206482212256,2.49732941571287e-15,2.46692361925532e-14
YDL142C,0.46120990516086,5.28515511163159,144.043278055163,2.54493318110779e-15,2.50987332366952e-14
YPL273W,-0.363728471415057,7.43474315735966,143.445433661019,2.7275839723985e-15,2.68331246510532e-14
YPL086C,-0.913327340059694,6.1815114943031,143.439025421355,2.72961448792143e-15,2.68331246510532e-14
YDR216W,0.892988896927305,6.46759051508892,143.403583901421,2.74087309730703e-15,2.69003432211504e-14
YDL155W,0.317324319070863,6.40911834181228,142.537802020238,3.03154730160919e-15,2.97052581808244e-14
YKL081W,-0.50914285166331,10.2966326675083,142.240943619866,3.1384950896064e-15,3.07037662705064e-14
YNR058W,0.624146951054986,4.32636013812236,141.860489677052,3.28136289592365e-15,3.20499088630745e-14
YPR075C,0.818507762356165,7.57825232624128,141.786134434038,3.31007107705677e-15,3.22700272122169e-14
YLR324W,0.547496462587175,6.84772780090971,141.774708881082,3.31450567093436e-15,3.22700272122169e-14
YLR348C,1.00150597028841,7.49270570628056,141.63960657656,3.36741684054687e-15,3.27327978829516e-14
YPR013C,0.608676523702683,6.4070361694174,141.554749518598,3.40110141494235e-15,3.30074993778695e-14
YJL218W,0.588336120208776,5.00620170989768,141.400322385836,3.46331024966502e-15,3.35577115751778e-14
YOR342C,-0.943971804022778,6.26656464171188,140.752744693621,3.7374360656801e-15,3.61562773603552e-14
YMR144W,0.62906681660366,4.66910803902465,140.711813985531,3.75550825551698e-15,3.62734408489219e-14
YMR300C,-1.28057565376081,7.02198764066697,140.311992576141,3.93692822729537e-15,3.79654647592589e-14
YNL137C,-0.348948155059045,6.25580627721148,140.281929300097,3.95093519154773e-15,3.80402541781139e-14
YBR121C,-0.500053029623192,9.05916857856013,140.089007372248,4.04207082844774e-15,3.88562416921082e-14
YNL112W,-1.2662079875833,8.91304621382817,139.940531667238,4.11370714558788e-15,3.94825047017385e-14
YDL143W,-0.481405197913123,8.50666991913428,139.82787546832,4.16894723808161e-15,3.99496755019317e-14
YDL014W,-0.76634906180321,9.44535938188018,139.685962789283,4.23964003418159e-15,4.05632226540802e-14
YCR072C,-1.63649050944019,4.21742354015146,139.556772123802,4.30508661452675e-15,4.11247284919863e-14
YDL003W,0.649722358110939,5.44570924047417,139.142179734478,4.52235030502413e-15,4.31324476584198e-14
YPL027W,1.67747130560675,1.79625512954641,138.953746433907,4.62486162884124e-15,4.40411314733943e-14
YJL026W,-0.479515345917957,7.87325651086305,138.550449513173,4.85252125207401e-15,4.6136862216985e-14
YPL150W,0.368506916985597,5.98443233585554,138.515646221404,4.87270974613407e-15,4.62565347975442e-14
YDR247W,-0.787456185127614,6.00981114166815,138.382031080219,4.95103668964604e-15,4.68956322807168e-14
YDR091C,-1.04623144615979,6.51111737400115,138.374574560557,4.95544643492208e-15,4.68956322807168e-14
YGR144W,0.974301110269889,3.49006493729461,138.261091960636,5.02306913498391e-15,4.74600203981948e-14
YGR054W,-0.529351438960496,7.2094206407492,138.248412895044,5.03068416710528e-15,4.74600203981948e-14
YEL054C,-0.521089117467237,7.94376153994147,138.212952893562,5.05204561829557e-15,4.75877671630473e-14
YMR267W,-0.428662878620355,5.66229578100957,137.826410775738,5.29115656146033e-15,4.97630412310449e-14
YML026C,-0.691113944286138,9.96882359627489,137.794555290202,5.31138325963479e-15,4.98761838501199e-14
YKL113C,0.411599755503757,5.97158247606593,137.570897627218,5.45569333380071e-15,5.11523789463441e-14
YML001W,0.42824043520701,7.1783800790731,137.46867444304,5.5230113524375e-15,5.17038831993572e-14
YOR107W,-0.903336989283421,4.07557486656176,137.409311579623,5.56250263131162e-15,5.19935921836117e-14
YPR134W,0.503627932494424,5.3924655760661,137.228496845175,5.68462136180022e-15,5.30535597953288e-14
YKL054C,-0.759028891209241,8.38321274800735,136.830769513112,5.96321776294759e-15,5.5568422798677e-14
YER064C,-0.66023380614674,7.5901974266062,136.546380238653,6.17116179609374e-15,5.7418225579863e-14
YHR163W,-0.729260325965151,6.8996201436124,136.499624318924,6.20606947201266e-15,5.76548591407589e-14
YDR477W,-0.310805917155677,7.14182947517202,136.462374161557,6.23402808733944e-15,5.78263123650312e-14
YGL055W,-0.592386313661348,10.2414018645071,136.379685828724,6.29656307914329e-15,5.82323748077123e-14
YGR173W,-0.764073894760326,5.55202034411372,136.379185134469,6.29694373434259e-15,5.82323748077123e-14
YIL016W,0.483913406097486,6.64517843722924,136.275408058607,6.37636293992994e-15,5.88773421691558e-14
YFL041W-A,0.799531611075614,3.31890499172685,135.853904794453,6.70986896018221e-15,6.18629585192556e-14
YCR084C,-0.537743821980362,7.99961937706638,135.586086797119,6.9312175547086e-15,6.3807048139791e-14
YHL020C,0.745040258426231,7.57158986482598,135.318123328203,7.16034647995957e-15,6.58167799555196e-14
YOR260W,-0.511674764526909,7.06679939157388,135.223515467354,7.24312511982011e-15,6.64772494028738e-14
YGL096W,-0.817473980191388,4.22651026732714,135.007165098251,7.43621077530164e-15,6.8146600252576e-14
YLR095C,0.357871387877835,6.92977048912711,134.912888044917,7.52202808573829e-15,6.88293848146128e-14
YCL030C,-1.77387212623082,8.39033445715627,134.706752702663,7.7132970887317e-15,7.04735927701687e-14
YNL301C,-0.547478624390356,8.11800856929446,134.579266930386,7.83413020086229e-15,7.14702882642384e-14
YFL017W-A,0.475700001622176,4.74766918582449,134.430681253151,7.97746638768238e-15,7.26689864806097e-14
YMR102C,-0.906445982996396,7.26109196562592,134.295975346449,8.1097858051675e-15,7.37638962996177e-14
YER030W,0.401524680259128,6.83661746538372,134.200767548562,8.20469094266484e-15,7.45157378897247e-14
YDL043C,-0.546290491375204,4.57449923897296,134.101488941216,8.30489282694092e-15,7.5313372357579e-14
YGR225W,1.08289475118184,2.78752691041274,133.871512775372,8.54195911234475e-15,7.73479482122289e-14
YER162C,0.378513126021523,6.32133990782308,133.849239311502,8.56529245339011e-15,7.74439889730741e-14
YOL083W,0.945614983586343,4.68227130784121,133.749859374774,8.67021707638791e-15,7.82763663350451e-14
YGR079W,-1.44003112927566,3.4218082015173,133.291371640278,9.17199786289348e-15,8.2683862215862e-14
YGL171W,-1.36134762620188,4.88768808085583,133.004599047535,9.50122057188993e-15,8.5525040207027e-14
YER070W,-0.804683194770763,6.52997537941445,132.903741489669,9.61992780174247e-15,8.64656730777e-14
YLR079W,0.444021879054243,7.03375104553549,132.768771224949,9.78121860467448e-15,8.77857156481478e-14
YGL027C,0.566192021798775,7.74751149643762,132.422917179762,1.0207569604612e-14,9.14772622151161e-14
YDL051W,-0.668231703006733,6.30012826327621,132.297780957121,1.03665846558688e-14,9.27656876925908e-14
YER067C-A,-2.43975352328933,2.65410538748622,132.071629847355,1.06605743436728e-14,9.52563801486771e-14
YPR023C,0.508996184517647,7.27825129903311,132.027411391914,1.07190698223471e-14,9.56386215087714e-14
YHR052W,-1.34569972189538,5.75623834018841,131.786432388033,1.10438129484457e-14,9.83918035011598e-14
YDR503C,0.508117640979459,4.90494994418234,131.716997520996,1.11392820113879e-14,9.90972676013094e-14
YLR103C,0.562461331451393,4.700882679499,131.670936610722,1.12030894116054e-14,9.95194147001732e-14
YDL199C,0.558329245447235,4.87678825463873,131.582456526446,1.13267348872792e-14,1.00471110479729e-13
YOR315W,-1.27895610899932,4.22014169565976,130.815275608271,1.2460621942894e-14,1.10368099741645e-13
YFR041C,0.456938283330036,6.15352416693918,130.739760818459,1.25784811159419e-14,1.11250083707131e-13
YLR327C,-2.00441436271555,8.17843938860537,130.621888578932,1.27647867990616e-14,1.12734002427126e-13
YLR264W,-1.20666494411224,7.28815675946093,130.477859899622,1.29963624551475e-14,1.14612848608076e-13
YOL070C,0.478385665942099,6.8405425344415,130.415114331153,1.30986185929625e-14,1.15347458955394e-13
YMR302C,0.409697974465994,6.85138598107787,130.40157645809,1.31207914271628e-14,1.15375745425268e-13
YGL131C,-0.563043593887207,5.0754052454943,129.901916787874,1.39672543021457e-14,1.22641763966171e-13
YLR091W,0.442276456601148,5.20769633497839,129.857710582852,1.4044845740077e-14,1.23145369349234e-13
YKL023W,0.573331169286554,5.91771323941707,129.796745708458,1.41525930901222e-14,1.23911552450926e-13
YLL024C,-0.800127331289073,10.9564639000138,129.518087759524,1.4656212917741e-14,1.2813657414433e-13
YDR104C,0.585476854221891,5.16197311119816,129.4356152195,1.48088364913693e-14,1.29285179411739e-13
YIL123W,-0.664364997827984,8.85848882151994,129.37959439204,1.49134565652677e-14,1.30012010314691e-13
YDR100W,0.610639246349926,5.94754452347473,129.355014229935,1.49596044272297e-14,1.30227743833609e-13
YMR093W,-1.23385577082546,5.22296193260777,129.116327143663,1.54155758198311e-14,1.33825337493083e-13
YHR169W,-1.23468792670322,4.85874701013951,129.115668066985,1.5416854820485e-14,1.33825337493083e-13
YDR456W,0.484847063027873,6.84690653262746,129.053633664963,1.55377370290735e-14,1.34682521113835e-13
YLR276C,-0.952713610717878,6.95584350981883,128.684327398486,1.62782112669361e-14,1.40900306627747e-13
YCL037C,-1.4825123511937,1.8688631784487,128.581030044971,1.64918698735161e-14,1.425469150289e-13
YGR126W,-0.896460744677869,2.22345944498392,128.453227418725,1.67602839033481e-14,1.44661457520387e-13
YOL056W,-0.43344746653511,5.70273928862918,128.376150108298,1.69243701566071e-14,1.45870810769057e-13
YJR101W,-0.395169246866602,5.95107662366164,128.168197767438,1.73755119651999e-14,1.49547369601473e-13
YFL040W,0.670919096393889,3.93344217863184,128.150523716882,1.74144308260527e-14,1.49670637819958e-13
YKR059W,-0.486358743080034,9.93329135343056,127.918646002412,1.7933568935558e-14,1.53915045095727e-13
YIR007W,0.342898083411414,5.96972080339195,127.757577101927,1.83036919776497e-14,1.56870374202815e-13
YDR313C,0.414589877086238,5.11720452163163,127.623137448592,1.861874285033e-14,1.59346062228211e-13
YIR032C,1.0051901494661,2.93643959370823,127.548499249859,1.87960980373409e-14,1.60638000782612e-13
YLL011W,-1.23486873211983,4.96084472002171,127.333083464176,1.93179538897135e-14,1.64866408722169e-13
YOL146W,0.479134230935197,4.37042600168064,127.244609988536,1.95366580885431e-14,1.66499390012303e-13
YHR180W,0.850891260317619,4.52325149595587,127.010774944665,2.01272592997737e-14,1.71292829145626e-13
YCL048W-A,1.88874201122859,1.28557007933719,126.9986082323,2.01584958409586e-14,1.71319060324348e-13
YOL018C,0.42409690094752,6.74968800953532,126.92629314757,2.03452059271461e-14,1.72571957869758e-13
YPR018W,0.562730410935278,5.58926972213481,126.919576120468,2.0362640221937e-14,1.72571957869758e-13
YMR217W,-0.625052342524247,8.73953903340106,126.726910435537,2.08694256808869e-14,1.76620939176908e-13
YBR201C-A,0.609560239254065,4.29037664238974,126.702994391026,2.09332489838085e-14,1.76915027870103e-13
YOR230W,-0.796777969478485,8.82085688199813,126.595826681773,2.12217596799375e-14,1.79104587590041e-13
YKR093W,-0.441374771992483,5.76327764529963,126.447629113578,2.16276027834666e-14,1.82276956977e-13
YOR289W,0.804888402357584,5.4467332944282,126.383085652874,2.18068883936688e-14,1.83533770228872e-13
YOR356W,0.444102231667513,7.09490023614567,126.310120104637,2.20114430806883e-14,1.84999490533133e-13
YDR225W,-0.532401376566801,9.77388811406867,126.224017614202,2.22554122109587e-14,1.86791976970598e-13
YHL011C,-0.672111023305524,7.07659994924355,126.017196114576,2.28530705777086e-14,1.91543986866883e-13
YNL175C,-0.866816013486727,5.99569943953355,125.82950473501,2.3409992073166e-14,1.95941955660543e-13
YNL334C,0.888275258033606,3.33752475835388,125.663066295848,2.39157358303902e-14,1.99900072153742e-13
YFL055W,0.618609945684258,4.37411532766634,125.589458987711,2.41430353225648e-14,2.01523141204125e-13
YPL211W,-0.687702689065728,6.81782736321706,125.314064690292,2.50137078706014e-14,2.08504674510424e-13
YMR029C,0.417198181754712,6.34058213259103,125.291850314406,2.50853573637194e-14,2.08815868068717e-13
YAL056W,0.314089527935349,7.26889787441778,125.240390052209,2.52521619125507e-14,2.09917220270316e-13
YKL096W,-1.19072518353177,8.30023248215811,125.179716353835,2.54503234336101e-14,2.11275877344499e-13
YHR064C,-0.645760899744731,8.87342445293087,125.055991793425,2.58594703245316e-14,2.14379941314407e-13
YDR101C,-1.28692341525858,5.58655215487133,124.883486858245,2.64414553299236e-14,2.18906470316442e-13
YPR081C,0.429068524969054,5.60836315527193,124.745272060919,2.69176407504006e-14,2.22545983649712e-13
YBR017C,-0.546353587478087,6.96098943369347,124.593709795137,2.74501440040438e-14,2.2664060551507e-13
YML133C,0.505257870264246,6.46150585117451,124.508407246874,2.77546865463279e-14,2.2884453608998e-13
YNL125C,0.468580736603533,6.5305415438183,124.415963632311,2.80887197314518e-14,2.31285330941656e-13
YLR130C,-0.404272250691578,7.02354389936403,124.247566870388,2.87080579931659e-14,2.36065584984344e-13
YHR148W,-1.13726856984922,4.27787910867236,124.199655143156,2.88868696746774e-14,2.3721538727451e-13
YEL001C,0.266973424682869,7.65644088353742,124.087605187651,2.93096179748583e-14,2.40362567893549e-13
YLR078C,0.331774876264666,6.03139866335366,124.052981833464,2.94415524938106e-14,2.41119578633698e-13
YMR114C,0.515813585103547,5.72523420704875,123.99833750455,2.96510443025667e-14,2.42508877125159e-13
YOL017W,0.612123190634214,4.29761385828174,123.479511808617,3.17195754674056e-14,2.5907868015995e-13
YBR079C,-0.655018341916199,8.72275889196731,122.973155957078,3.38844032703659e-14,2.76389536059218e-13
YOR101W,-0.832891561684619,6.38636681325854,122.85530106563,3.44101104506798e-14,2.80301903738134e-13
YDR046C,-0.508202794027266,8.06248195259554,122.830316516662,3.45226498757247e-14,2.80842679804525e-13
YML066C,0.545086842775826,4.14628245160252,122.516843609958,3.59678418390436e-14,2.92208701723071e-13
YAR010C,-0.541104851115071,6.15394588663585,122.470687208869,3.61859247743148e-14,2.93588469668941e-13
YDR036C,-0.425656819774889,5.96952879657835,122.426305033854,3.63969301256294e-14,2.94907216796877e-13
YGR159C,-1.10280262180282,9.00733657363835,122.189265958877,3.75458940270248e-14,3.0381218770538e-13
YMR308C,-0.624128441546657,7.74254396608985,122.147407393511,3.77527012045135e-14,3.050799293884e-13
YER052C,-0.616668439268321,7.60443991121193,121.998450286519,3.84983636564944e-14,3.10693027652213e-13
YPL268W,-0.413032746688333,5.483771004917,121.900887326734,3.89950940050946e-14,3.14284962941722e-13
YAR015W,-1.33613649638144,7.86670768136388,121.832670894065,3.93463914748067e-14,3.16696814979099e-13
YNL069C,-0.437596602887839,9.97574614643105,121.574279596611,4.07073650712476e-14,3.27218383696885e-13
YDR374W-A,0.899843931752093,4.19469299892055,121.463783671026,4.13043147383269e-14,3.3132195358157e-13
YBR230W-A,1.65388046224913,6.37829694091978,121.459660849078,4.13267646291556e-14,3.3132195358157e-13
YPL082C,-0.680392290711102,5.87697989504245,121.376531054563,4.17821642668144e-14,3.34532196794165e-13
YBR209W,1.24253533598957,2.459697416692,121.130531063156,4.31608221180756e-14,3.45116429157017e-13
YNL182C,-1.11677093894651,5.44593834108083,120.931311146604,4.4312175523367e-14,3.53857727112452e-13
YNL209W,-0.574834966461106,11.1211559306504,120.848109061034,4.48025002892805e-14,3.57304343722506e-13
YHR197W,-1.39214708779024,5.17246785369847,120.666203386101,4.58943866282317e-14,3.65533170985327e-13
YMR260C,-0.476560800715579,8.40734736983002,120.517906373235,4.68051346685109e-14,3.72299665958024e-13
YLR120C,-0.602087355507433,8.40763895235036,120.399532240107,4.75456833518866e-14,3.77696453258786e-13
YML056C,-0.695818686469492,9.06544917231929,120.212311838246,4.87420719985254e-14,3.86695577719722e-13
YMR007W,-1.01799716430736,2.74290353633476,120.176226433562,4.89762668008008e-14,3.88047634743324e-13
YDL137W,0.555746196467403,8.75746658376485,119.981874299419,5.02580285543683e-14,3.97685440511484e-13
YBL010C,0.452518484950589,4.56712675007213,119.860928763924,5.10733504467285e-14,4.03612126582264e-13
YGR061C,-0.778600077589262,8.83176196370541,119.723013320583,5.20199901246398e-14,4.10559844239213e-13
YOR168W,-0.81061691350818,7.38037809338762,119.644118649576,5.25697568399371e-14,4.14361360584219e-13
YLR135W,0.487876660675061,4.90145844340613,119.617219226019,5.27585890680668e-14,4.15311791046813e-13
YGR235C,0.381873942071007,6.44118431774912,119.562020383558,5.31483078775501e-14,4.17839087125184e-13
YJL173C,0.43933451467605,6.08746679581227,119.368611878569,5.45377669593334e-14,4.28209434771024e-13
YIL046W-A,1.77705256861646,0.915302088074266,119.243493262207,5.54568362910979e-14,4.34864495916663e-13
YPL145C,-0.469522807898289,7.27638785423543,119.150911130105,5.61473328076838e-14,4.39712381125812e-13
YMR136W,-0.575842019722374,7.5258399727208,118.793833431901,5.88959198714685e-14,4.60644823159236e-13
YER127W,-1.10632006299498,4.94662707760296,118.751441300186,5.92314597992105e-14,4.62674496634398e-13
YDR539W,-0.366907721032266,5.8916173151035,118.588357196011,6.05410634576154e-14,4.72297911717423e-13
YGL035C,0.615498631736462,7.91638367108517,118.470743956954,6.15043111421033e-14,4.79198122022662e-13
YGL252C,0.331009261530546,7.71777821682498,118.429665025004,6.18445141218526e-14,4.81232568326692e-13
YFL049W,0.453612609886789,6.27406815683515,118.127944059918,6.44044259549769e-14,5.00512045895319e-13
YOR127W,0.592804994835798,7.00492916939561,118.100369364838,6.46438467326386e-14,5.01731897153196e-13
YPR148C,0.305747336866222,7.5652181709145,117.735869129905,6.78976886858573e-14,5.26315204654066e-13
YMR158W,-0.527526141978953,5.05051123720078,117.627808404805,6.88949327630426e-14,5.33365987103198e-13
YOL077C,-0.947927775286399,6.51946811592449,117.616547567843,6.89997323634625e-14,5.33498565986873e-13
YIR035C,-0.810423562753116,6.75325268298273,117.590447095954,6.92432798875945e-14,5.34702231111691e-13
YNL145W,-1.08812184982777,6.68296000213368,117.525150708641,6.98565197334938e-14,5.387540210118e-13
YJL122W,-1.07877184534036,5.56421738359541,117.324114215514,7.17805273119013e-14,5.52891783155594e-13
YKR100C,0.338673563715329,6.51067987141036,117.24661932892,7.25369260081826e-14,5.58011624222239e-13
YJL103C,0.764223896207963,4.74827042716082,116.875828047293,7.62732812568016e-14,5.86013783393482e-13
YIR018W,0.580755973321818,4.52873591891762,116.855568434785,7.64831481113287e-14,5.86885190740775e-13
YIL009W,-0.695298476672519,5.84509228257967,116.349905673898,8.19218536681811e-14,6.27826800467106e-13
YGL174W,0.523958784147612,4.5193350255987,116.141988306272,8.42741980671549e-14,6.45042132375644e-13
YIL140W,0.511463041026811,6.47040855121744,116.119888506488,8.45283553281724e-14,6.46174676095389e-13
YGR123C,-0.866894389214879,5.64404985200302,116.017781551309,8.57130882604096e-14,6.54409212126214e-13
YGR095C,-0.366837312177541,6.22971039998343,115.961540183537,8.6373059537952e-14,6.58621638206062e-13
YDL208W,-0.620512647786354,7.90669950272729,115.66112192438,8.99895735270685e-14,6.8533986847586e-13
YGL004C,0.406974739421653,5.58944147816706,115.515679914648,9.17970478443172e-14,6.98231295165838e-13
YBR148W,0.892782007346303,3.09024505167894,115.498995475337,9.20068090258108e-14,6.98953099777851e-13
YNL035C,-0.388984740229309,5.53375010686341,115.370998976471,9.36327961616387e-14,7.10418409780014e-13
YDR274C,-1.11016007306899,4.83444473390038,115.166406195159,9.62945624792124e-14,7.29704125387307e-13
YMR177W,-0.639648304815387,5.36452760668988,115.031958687865,9.80867602167142e-14,7.41578951478992e-13
YHR066W,-1.60911057697477,4.76935134696575,115.030577611085,9.81053501956596e-14,7.41578951478992e-13
YGL168W,0.724242754192876,5.01414095963501,114.959907033047,9.90615505094392e-14,7.47877834801412e-13
YGR162W,-0.719074759408256,8.232892478763,114.943153105604,9.92896647541718e-14,7.48671140060887e-13
YDR088C,0.536463166085757,5.94281680657701,114.797903305164,1.01290519162443e-13,7.62812882553794e-13
YER084W,1.16605714393552,2.66713511156071,114.47919175859,1.05830183822561e-13,7.96015659530634e-13
YML018C,-0.676201709515141,6.1763949149331,114.398398060161,1.07014490951277e-13,8.0392984868953e-13
YHR208W,-0.48673239124009,9.33004414219227,114.370346997021,1.07428911996981e-13,8.06048001851574e-13
YML082W,-0.728012583890107,5.71735349097069,114.100575306455,1.11501289081951e-13,8.35573083822255e-13
YIR012W,-0.705120474218263,6.87452387846145,114.070276244214,1.1196866114752e-13,8.380434232259e-13
YDR344C,0.919420091331368,3.11869473119734,113.74353288421,1.17141047280461e-13,8.75679696193622e-13
YLR256W,-0.547421781942072,8.10862082049765,113.625146878731,1.1907631042082e-13,8.8905441584134e-13
YIL091C,-1.30411104323048,4.85023920002629,113.476369257988,1.21555947695236e-13,9.06455810938128e-13
YJL050W,-1.06364171145019,6.95628054289277,113.404258758668,1.22777182478745e-13,9.14442050652583e-13
YPR016C,-0.564856743001429,8.09446095223553,113.318185521153,1.24251716209441e-13,9.24293023391744e-13
YPR019W,0.322703812144276,6.76327490211732,113.136806597913,1.27419954977701e-13,9.46703816897819e-13
YDR341C,-0.464670621971244,8.20518885902933,113.056583651745,1.28848112284477e-13,9.56147272257371e-13
YHR065C,-0.977181191898717,5.60411326185208,112.990565600669,1.30035952833837e-13,9.6378656881108e-13
YBR162W-A,0.545214080386414,6.79871202564167,112.94950064088,1.307805977881e-13,9.68126444696577e-13
YLR070C,0.67774167342007,5.07748698174289,112.833250230116,1.32912905435799e-13,9.82715710299924e-13
YDR054C,0.388397112730867,7.80824407044875,112.742530474585,1.34602184395467e-13,9.93997927240799e-13
YFR053C,-1.81598420502618,9.61266232758114,112.606367682799,1.37179948705015e-13,1.01180604590305e-12
YMR111C,0.465879913099894,5.22527995719935,112.498225166467,1.39264041094141e-13,1.0259342494647e-12
YBL003C,0.462530848771169,9.16563182659004,112.447287259291,1.40257157558872e-13,1.03200097188118e-12
YOL080C,-1.52752313149652,3.40683714755753,112.369825728719,1.41781625212753e-13,1.04195795823623e-12
YFR046C,0.324099499773454,5.12276035273178,112.282823337472,1.4351455822593e-13,1.05342109385378e-12
YDR528W,0.925183224655094,4.23555189380241,112.260792355545,1.4395688408749e-13,1.05539474659322e-12
YDR398W,-0.881278981539701,6.73194600709684,112.019118145694,1.48903832597519e-13,1.09034876216114e-12
YER041W,0.340605542647618,5.30412751534926,111.852378712688,1.52420394874124e-13,1.11413452624544e-12
YDR039C,-0.653625100644941,7.08142770531687,111.847792716575,1.52518333666795e-13,1.11413452624544e-12
YBR233W,0.523160277473139,5.05487105829647,111.800439178878,1.5353347835853e-13,1.1202052947382e-12
YMR048W,0.509925998166087,4.7928984153695,111.763913525393,1.54321329415607e-13,1.12460513711852e-12
YNR018W,-0.475665066770262,7.2838890096097,111.720202455323,1.55269733632058e-13,1.13016307314722e-12
YIL006W,0.638886506983561,4.85085050901684,111.187846959264,1.67322510639706e-13,1.21643665142486e-12
YBL066C,0.495184330068797,5.3762024481564,111.094197713725,1.69542125352341e-13,1.23110242573866e-12
YBR103W,0.358504297142682,6.1042172085439,111.062705055339,1.70295450554988e-13,1.23509870873313e-12
YNL095C,-0.416647305487129,5.02373976311951,110.970241888946,1.72527540924986e-13,1.24979772205779e-12
YDL070W,-0.682289549164353,7.3215547715434,110.866843813311,1.75059912545285e-13,1.26663444451612e-12
YNL223W,0.379655800510626,5.77222576355303,110.85158291069,1.75436956592881e-13,1.26785496540105e-12
YOL165C,0.794788929527946,2.74716746901367,110.669913744132,1.79991223035298e-13,1.29922490174352e-12
YKL164C,-0.537310644744567,9.12309983839514,110.528613603389,1.83618952175139e-13,1.3238404312627e-12
YPR111W,0.534938208815999,4.56604136529372,110.508718409131,1.84135853215031e-13,1.32471060349389e-12
YOR070C,0.397563341167881,6.15764347968122,110.507212189601,1.84175048571213e-13,1.32471060349389e-12
YFL045C,-0.376474579448004,8.55069537689408,110.440766713274,1.85912833778731e-13,1.33563116120847e-12
YNL103W,0.394407224605658,6.82508367036115,110.409236727084,1.86743450624647e-13,1.33954356786508e-12
YOR050C,0.894055026594698,4.63173876483022,110.403397721308,1.86897697472055e-13,1.33954356786508e-12
YAL025C,-1.25280857768286,6.40410333715896,110.176735273593,1.92989599391622e-13,1.3815784850565e-12
YKL029C,-1.03573585150297,6.98162793935736,110.070293256886,1.95921766696348e-13,1.40092121074886e-12
YPL281C,1.42021575277379,1.99491854207525,110.015866286067,1.97439051626373e-13,1.41011341449117e-12
YLR050C,0.889054801237138,6.37770876369291,109.708255420614,2.06248778197955e-13,1.47130576240862e-12
YCL049C,0.570570175234347,7.02597339800386,109.640423168743,2.08246228041539e-13,1.48381533680651e-12
YMR135W-A,1.10188126784729,2.18225330574204,109.481748445603,2.12998192838212e-13,1.51487089344053e-12
YFL004W,-0.738120758292543,7.18554047193744,109.47830298954,2.13102626916203e-13,1.51487089344053e-12
YLR332W,0.593829424483767,7.65108029033196,109.42174557611,2.14824601451374e-13,1.52362677344602e-12
YIL113W,-0.888277695831008,5.05362516959889,109.414189344078,2.1505576259815e-13,1.52362677344602e-12
YBR269C,0.625464038703196,6.0637483675609,109.413217197737,2.15085521510293e-13,1.52362677344602e-12
YDL119C,0.586471937843013,4.81131213456459,109.372342118126,2.16340679796732e-13,1.53073608902688e-12
YGR163W,0.359343616428461,6.15985233767929,109.309645978163,2.18280819624581e-13,1.54266990408313e-12
YGL078C,-0.99884062214844,7.26299863466047,109.278654050923,2.19246586149285e-13,1.54769776881485e-12
YKL078W,-1.77745353536151,4.00869708476764,109.267666094133,2.19590064449225e-13,1.54832623658579e-12
YKL216W,-0.577726513085319,9.23460490483804,109.090630458619,2.2520243084823e-13,1.58606110151792e-12
YDR009W,0.706315109542295,4.11609507701822,108.962203721818,2.29367633707947e-13,1.61352838278943e-12
YOL007C,-0.553313406977451,6.00918834303318,108.938356147478,2.30149906038534e-13,1.61716186864258e-12
YNL278W,0.661013348529463,5.99269313104851,108.443645068018,2.47023577925026e-13,1.73372372742074e-12
YGL062W,0.669671612864869,8.00347280372106,108.394839252881,2.48757020804253e-13,1.74387842349525e-12
YNL062C,-1.01100355172348,4.98506895743656,108.323332031485,2.5131977884693e-13,1.75836892460615e-12
YLR246W,0.442213504731039,5.1813307816718,108.321051450504,2.51401966213205e-13,1.75836892460615e-12
YMR256C,0.694883750494972,5.39134965123768,108.123292183349,2.58636881291617e-13,1.80593355124318e-12
YOR004W,-1.31086561618427,5.19763761510796,108.119006411492,2.58796065190478e-13,1.80593355124318e-12
YJR129C,-0.729187423169548,4.10337597874798,107.808939633079,2.70589182594451e-13,1.88606549379981e-12
YPL267W,0.740689709719762,4.09084904669313,107.55832497452,2.805316982986e-13,1.95312973014529e-12
YLR438W,-1.30165671001385,5.69632079338925,107.398509182782,2.87071036572854e-13,1.99637400862379e-12
YGR256W,0.895115451554239,3.94301713810507,107.367283261598,2.88367263748434e-13,2.00309908665436e-12
YDL133W,0.32232862827521,6.21745848330232,107.325027428559,2.90131117917534e-13,2.01305342363534e-12
YBR241C,1.21122174984378,6.74418659617747,107.302988801315,2.91055537163814e-13,2.01716736177883e-12
YJR144W,0.339696074372432,6.79177830540033,107.216603576067,2.94708829985697e-13,2.04016294705684e-12
YLR156W,1.1355230135903,2.02205702020161,107.188827331318,2.95893678646991e-13,2.04603753928062e-12
YHL004W,-0.332447554686147,6.46396843572914,107.156721630966,2.97269423030975e-13,2.0532172975522e-12
YOR087W,0.361472564582254,6.41402602161396,106.910136624025,3.08061468846584e-13,2.12534471420801e-12
YER036C,-0.4677090772742,9.00925482473184,106.877839421842,3.09505068190906e-13,2.13288600219894e-12
YDR051C,0.355133498737353,6.19292137673425,106.687282442987,3.18167829066049e-13,2.19010321251913e-12
YDR507C,0.552867553115745,6.41426453674184,106.609155343028,3.21792512442795e-13,2.2125507776434e-12
YIL134W,-0.500056835270578,4.70104840834208,106.587664698202,3.22797125126112e-13,2.21695316748577e-12
YPL126W,-1.07838240390987,6.5815345086987,106.486736507331,3.27559266101385e-13,2.2471230374599e-12
YOR310C,-0.800473650068788,8.0053145749009,106.280119277422,3.37538979329054e-13,2.31297825362308e-12
YLR048W,-0.463580701765692,10.2511231975104,106.241432314176,3.39442684307398e-13,2.32340689989934e-12
YIL026C,0.588189255572004,5.55724720327562,106.214547203133,3.40772260533356e-13,2.32988674757918e-12
YNL277W,0.771178818430198,5.41185808919606,106.165149731691,3.43229390555866e-13,2.34405257186582e-12
YOR232W,-0.475582680973947,7.12894358861961,106.072942702848,3.47865696548078e-13,2.37305242544289e-12
YBR203W,0.405719544465191,6.62136998914203,105.913750524232,3.56025035137892e-13,2.42599366048608e-12
YDR314C,-0.562788635087345,3.62325371144899,105.624741449214,3.71354152393614e-13,2.5276174690326e-12
YPL241C,0.725524278345703,4.14737135418313,105.254457497057,3.92010087974463e-13,2.66523059812805e-12
YGR176W,-1.3347175810137,2.15212382160943,105.114327609586,4.00137683618874e-13,2.71745290716612e-12
YCR010C,1.03742187224203,4.05320350920115,105.060821507536,4.03287419181652e-13,2.73579035197364e-12
YDL059C,0.57903227835827,4.62636318684774,104.901023340981,4.12849653006871e-13,2.79753912978486e-12
YMR200W,0.33469541260364,7.46456309440673,104.692632608402,4.25677483049117e-13,2.88125415389753e-12
YJL077W-B,1.09671778931133,2.37111300025478,104.500489103274,4.37875049288171e-13,2.96052186102058e-12
YDL085W,1.00928704250642,3.74303966180353,104.455582336124,4.40778192232708e-13,2.97684273000669e-12
YCL044C,0.475520832278853,5.84427443146021,104.312722781006,4.50148544850815e-13,3.03675598161553e-12
YBL068W,-0.535488571780244,5.82673949083559,104.299688099873,4.51013824546574e-13,3.03913166033747e-12
YCR002C,0.374413993337107,7.0067493171982,104.292381896087,4.51499592595739e-13,3.03913166033747e-12
YNL156C,0.388586969173757,6.97640695370583,104.072422013541,4.66383455476555e-13,3.13584897964071e-12
YOL123W,-0.731068331601841,8.37378965156392,104.026427244119,4.69560158820987e-13,3.15372358325133e-12
YOR316C,0.395746724691506,7.14480603441016,103.966457382633,4.73736124876798e-13,3.17826275620212e-12
YMR030W,0.660004171508464,5.10343574155756,103.958212054281,4.74313315849014e-13,3.17863053627891e-12
YGR202C,-0.352826199273791,6.78038677678574,103.714959709132,4.91676928151595e-13,3.29136865544825e-12
YMR046W-A,-0.938727796938957,2.92174266701954,103.705714910162,4.92349810990822e-13,3.29225120865841e-12
YDR381W,-0.532469101220392,7.73779303649211,103.682979491555,4.94008711792637e-13,3.29971790478397e-12
YBR267W,-1.26021550553838,4.51140326825107,103.519010729986,5.06147366533387e-13,3.37709070762682e-12
YCR019W,0.411628392745671,4.86065999475264,103.421797288933,5.13491149280544e-13,3.42233695878654e-12
YIR029W,0.575861493339441,4.77909680535912,103.41152718469,5.14273469483784e-13,3.42380094289806e-12
YBL076C,-0.52884470631709,8.90749054114766,103.27779416942,5.24575174017065e-13,3.48856823376376e-12
YJL100W,0.39321144899996,6.03351884731123,103.143168007371,5.35164047211466e-13,3.55510177650848e-12
YLR362W,0.347431600301615,5.94019114697419,103.024156662199,5.44711067419008e-13,3.6145767123715e-12
YBR247C,-1.22303792666437,4.88698923982128,103.000587518277,5.46622825220217e-13,3.62331142861113e-12
YGR280C,-0.990768707429067,6.25800190803609,102.691922471307,5.72317951583202e-13,3.78950460868747e-12
YER122C,-0.326317769554115,7.73154455682435,102.677413309901,5.73556460106656e-13,3.79357723885761e-12
YCL057W,0.393078932276913,7.71307665259338,102.651572344913,5.75769208489644e-13,3.8040777781319e-12
YDR003W-A,0.726623365559473,4.30949791024188,102.485574554547,5.90198233716578e-13,3.89518031688219e-12
YGL240W,-0.646002151480164,2.98690478114155,102.394372348983,5.98286422125897e-13,3.94428264207593e-12
SRG1,-1.1461631162498,4.40414382818991,102.243288073137,6.11941478515067e-13,4.02993928221232e-12
YKL181W,-0.448881445078649,8.6017098445809,102.152843413173,6.20271635983146e-13,4.08038151887291e-12
YBR239C,-0.45861539244823,4.93547224779818,102.121695028396,6.23167876578406e-13,4.09500705073391e-12
YOL052C,-0.498189578547951,6.03583588608153,102.088790092191,6.26242823859437e-13,4.11077409189285e-12
YPR187W,-0.424034417244056,7.32301896114763,102.007027185425,6.33952476995586e-13,4.15689743805834e-12
YJL155C,0.394284224670706,6.78982647343519,101.597042308032,6.74137215744875e-13,4.41563504607919e-12
YNR040W,-0.760013878456538,4.37264749886168,101.581329754079,6.75729338358503e-13,4.42130432678655e-12
YLR175W,-0.802932985413107,9.05961062342122,101.543302344669,6.79598892057136e-13,4.44184667902006e-12
YMR309C,-0.83567489243644,7.03466208125737,101.499455482196,6.84089420627464e-13,4.46639927523403e-12
YGR178C,0.337477928841769,8.35705972327104,101.351852532683,6.99435628660704e-13,4.56169967888573e-12
YNL233W,0.449569619033133,5.83080776043716,101.234907126488,7.11850056444971e-13,4.63769549621804e-12
YAL044C,-1.07964280484001,7.15438361436372,100.917133759644,7.46762272387251e-13,4.85994484222077e-12
YIR034C,-0.802776780893385,6.23026405314776,100.83239705444,7.5637133203085e-13,4.91722174723048e-12
YPR074C,-0.463749597746034,9.60405984272125,100.748343470685,7.66030851809381e-13,4.97470409099262e-12
YDR085C,-0.680292052883636,6.42808368774061,100.68453129271,7.73450384409435e-13,5.0175326110143e-12
YEL008W,1.10426101012868,1.30265929928644,100.655636598135,7.76834715305172e-13,5.03412059918208e-12
YMR131C,-0.753511827815624,7.30721634569341,100.621555234296,7.8084647418501e-13,5.0547348887402e-12
YLR222C,-0.975422611164921,5.87727969375934,100.579188041443,7.85863822064655e-13,5.08180803109822e-12
YDR113C,0.391638988424745,5.48481172800566,100.539844241685,7.90553344835879e-13,5.10670605448654e-12
YCR107W,0.436973276641437,5.12039263730019,100.506678736321,7.94529205576064e-13,5.1269461462676e-12
YDR022C,0.790732161461675,4.5272876466358,100.390354184706,8.086403540113e-13,5.21247516330377e-12
YHL048W,0.758689559638505,5.78850628844411,100.282334786705,8.21978992028574e-13,5.29284885343267e-12
YKR024C,-1.37818432731298,4.27599872152129,100.199677805862,8.32341215031608e-13,5.35390728696336e-12
YDL083C,-0.564904037613198,10.0261276455694,99.7059423064776,8.97153301684086e-13,5.764707329195e-12
YLR152C,-0.375079596510551,5.86602842315645,99.5192875828831,9.23012458598221e-13,5.91671353988058e-12
YFL022C,-0.416325672392379,8.18063222282334,99.5159756290208,9.23478278565792e-13,5.91671353988058e-12
YJL165C,-0.441209055884719,7.24371895012905,99.5142090380802,9.2372684681784e-13,5.91671353988058e-12
YDR300C,-0.425365553937049,6.77871938810982,99.4169120268352,9.37525742841359e-13,5.99878459010481e-12
YOR215C,0.462581222363819,6.69865351444815,99.2856149682027,9.56489507400587e-13,6.11369606358464e-12
YKR091W,-0.767087485690411,7.06006678999165,99.146050205772,9.77088233273221e-13,6.23880577068998e-12
YAL015C,0.516258291464443,5.91027099075707,99.1132303155761,9.81999303216617e-13,6.26359094347287e-12
YDR020C,-0.624503258436197,4.09549366670268,99.0354654092015,9.93739227003024e-13,6.33183580765801e-12
YPR198W,0.464537934884196,6.28887620349295,99.0272343307366,9.94990415842064e-13,6.33317644393197e-12
YDR510W,0.365206278077081,7.51504337593655,98.9718804060339,1.00344759319976e-12,6.38033292018865e-12
YPL090C,-0.545490049723268,10.729716576096,98.5579917153502,1.06911699352886e-12,6.79079008937696e-12
YIR040C,1.13601443565255,0.796776633229388,98.532335608589,1.07333298796776e-12,6.81046009570782e-12
YCR077C,-0.339987081432038,7.81379669739498,98.3400751651485,1.10548569600624e-12,7.00716714603955e-12
YGL155W,-0.312613977823258,5.66289012599839,98.2678028132566,1.11783148441304e-12,7.07804847310444e-12
YLR431C,0.468645133593122,5.27239360956247,98.240465641025,1.12253884598472e-12,7.10046660895741e-12
YHR028C,0.359043255343464,7.57895902203354,98.1781026698329,1.13335534550949e-12,7.16144057884243e-12
YBL087C,-0.570335681629815,9.73947250810445,98.0971243498722,1.14756360695297e-12,7.24369766422078e-12
YDR512C,0.618432065764702,5.32644194501151,98.0403440413725,1.15763724856243e-12,7.29190414648821e-12
YIR043C,1.03601209438343,2.63157944596673,98.0341655061659,1.15873897947134e-12,7.29190414648821e-12
YIL122W,0.591154957529931,5.89000883572988,98.0338480658708,1.15879561374759e-12,7.29190414648821e-12
YNL255C,-0.541138037292679,8.74899926234276,97.9576885138803,1.17246726788737e-12,7.37031335237052e-12
YPR036W-A,0.670184312522424,9.2737263996413,97.7385073259603,1.2127634563938e-12,7.61575400635323e-12
YOL088C,0.296978866854569,6.08903704549796,97.6602460641245,1.22750065208301e-12,7.69371469741782e-12
YGR128C,-1.17145643997742,5.26187472899562,97.659157363458,1.22770697965369e-12,7.69371469741782e-12
YPR014C,0.90045425160477,3.34684472802061,97.5895764400879,1.24096935418904e-12,7.76882563810731e-12
YJR059W,-0.406642925079085,7.88043639443989,97.5177252211277,1.25482192660417e-12,7.84747319978044e-12
YJL107C,-0.783220270089103,4.20170318355842,97.4227443253063,1.273382629617e-12,7.95537299919862e-12
YMR128W,-0.991088687652213,6.18718162948528,97.0217322751481,1.35497199209289e-12,8.4564149455233e-12
YJR047C,-0.851770058639868,6.50947194809895,96.9882468109016,1.36202799579169e-12,8.49174216638567e-12
YGR296W,0.452325954980731,6.67865373213565,96.9743888760347,1.36495935950641e-12,8.50130778157267e-12
YHR101C,0.461899710536642,4.7061397954976,96.6523265119814,1.43497815161606e-12,8.92826385744758e-12
YGR195W,-0.390615481863195,5.85610826531208,96.6436981834866,1.43690492592568e-12,8.93111999413456e-12
YKL217W,0.682638328511252,5.40653743074863,96.5866607811056,1.44971013734353e-12,9.00151651605654e-12
YER187W,0.755949658171162,4.49497494856246,96.5422942600606,1.45975322850968e-12,9.05463648876797e-12
YDL075W,-0.38525010207569,10.1572166159393,96.5088159739626,1.46737978202309e-12,9.07695399709928e-12
YDR346C,-0.42632341958149,8.24553788817324,96.5070132111797,1.4677916436536e-12,9.07695399709928e-12
YOR052C,-0.415692773864057,6.92738930672856,96.5068617582188,1.46782625031154e-12,9.07695399709928e-12
YEL072W,0.575130665051214,4.00665525317079,96.4918155240441,1.47126854108991e-12,9.08900413455038e-12
YLR037C,0.926751647287835,4.14280953964873,96.4749580814548,1.47513524022528e-12,9.09711961712917e-12
YKL212W,-0.364230247419528,7.88152567965927,96.473055839338,1.47557223699367e-12,9.09711961712917e-12
YPL017C,-0.659449643638841,5.13543046625134,96.357629438,1.50234402757942e-12,9.25279697147851e-12
YGL040C,-0.459682624630655,7.6344315362124,96.1478407904725,1.55231189121642e-12,9.55087751066926e-12
YBL049W,0.630560489946847,3.82690591815799,96.1280807541745,1.55710718001606e-12,9.570704232725e-12
YDR329C,0.353406370922314,6.76036582659585,95.9290803239794,1.606273175127e-12,9.86293871911988e-12
YHR219W,0.657355608303926,6.73068926166061,95.8505057299283,1.62613121347552e-12,9.97480688911142e-12
YDR280W,-0.380106906208343,6.56042600533436,95.5531499600955,1.70363847884377e-12,1.04397181709611e-11
YJL148W,-0.965884237497179,6.19596070054266,95.4898516289933,1.72063106571805e-12,1.05332394717247e-11
YPL235W,-0.373584173475302,7.22304605830323,95.4704221055308,1.72588247825243e-12,1.05547687237849e-11
YLR435W,-0.864116628087245,4.93934499437851,95.2905334560385,1.77530692960008e-12,1.08461271753178e-11
YBR202W,0.378127748198342,6.66362895242693,95.0504135257456,1.84359959157922e-12,1.12520596938411e-11
YDL060W,-1.04666167090527,6.42475366294704,94.8128877076654,1.91386420912608e-12,1.16692021167657e-11
YDL146W,-0.336926528425588,5.86522217434722,94.671371190347,1.95705490624634e-12,1.19205997042132e-11
YDL021W,0.744584904220064,4.46750719253279,94.6459282194575,1.9649276623776e-12,1.19541000104798e-11
YJL052C-A,1.55149651911555,0.834651240748678,94.6409116653056,1.96648383081188e-12,1.19541000104798e-11
YGR059W,1.15850631824865,1.62437361319354,94.6023383114807,1.97849271982876e-12,1.20150980041497e-11
YHR162W,0.380543389885095,8.46252266074666,94.5469516014761,1.99587044943012e-12,1.21085460466424e-11
YLR146W-A,0.551297696296104,4.35507674577991,94.4652698531813,2.02179041195873e-12,1.22535803354271e-11
YDR040C,-0.604301391154746,6.99509690319578,94.4212219597423,2.03591407160876e-12,1.23269026126759e-11
YDL082W,-0.397765768367165,9.37084879844222,94.3947464988132,2.04445290498697e-12,1.23662981380176e-11
YMR271C,0.625845506508259,4.52087923591579,94.2407827549739,2.09485756295246e-12,1.26585980839778e-11
YDR309C,0.58862966927963,6.60016580036526,94.1456280308607,2.12665819925319e-12,1.28380110540235e-11
YCR093W,-0.500082737129383,7.13558940654355,94.0111451594693,2.17246653845548e-12,1.31015449816666e-11
YPR110C,-0.699196519261185,7.13940607404269,93.8862042333521,2.21595051508857e-12,1.33505533508059e-11
YLL050C,0.383785438394229,9.02627399779533,93.8064759460923,2.24417419669094e-12,1.35072205606967e-11
YGR214W,-0.499826754044177,10.3719813960686,93.7598816595284,2.26084246200218e-12,1.35940972147068e-11
YDL009C,0.989612580943174,4.00970639247809,93.5492048351985,2.33784189492997e-12,1.40432062494066e-11
YDR412W,-1.06090726811166,2.87661463784483,93.5125235767017,2.35152654756535e-12,1.41114783451037e-11
YHR044C,0.391131548066777,4.79495660580827,93.4983431343079,2.3568392838474e-12,1.41294256573511e-11
YGR138C,-0.882678386485744,6.90621706962673,93.263873984182,2.4465286491768e-12,1.46526838880323e-11
YPL256C,-0.421422415621444,6.31422205263249,93.2220151344896,2.46291279956789e-12,1.47338524432985e-11
YLR212C,0.391000838998016,5.54938990694864,93.2168972525523,2.46492387629875e-12,1.47338524432985e-11
YOR031W,0.568368466863288,4.8491608466646,93.146947180121,2.49258377174237e-12,1.48845655064301e-11
YHR070W,-0.753142982812618,4.87323541702335,93.1155093438816,2.50512066009574e-12,1.49447639379241e-11
YOL010W,-1.33282761113193,4.47124786677014,93.0692551552989,2.52368618378873e-12,1.50298395640563e-11
YDR335W,0.399605083102043,7.77250488260357,93.0676787551774,2.52432145184315e-12,1.50298395640563e-11
YHR002W,0.543141227732784,4.96650215086148,92.8739217226143,2.60369189847314e-12,1.5487258262179e-11
YNL270C,0.799918665130182,2.96898758979208,92.7737098203386,2.64576334700646e-12,1.57221386391937e-11
YBR249C,-0.479513789251509,9.05631756849721,92.6115181207262,2.71536983999998e-12,1.61178884402546e-11
YER025W,-0.572322922144339,8.44613274396644,92.6062588269219,2.71765875755156e-12,1.61178884402546e-11
YGR042W,0.387222698364835,5.80308308368415,92.4965077171725,2.76588760055807e-12,1.63879513626055e-11
YBL072C,-0.392372232760124,10.8229138086666,92.392759775297,2.81230249940348e-12,1.66467516623251e-11
YFL052W,-0.710151007443027,4.30982657772047,92.1916801296737,2.90459824581674e-12,1.71763657199172e-11
YOR128C,-1.32665794451254,7.74635522596106,92.163267528482,2.91789309582227e-12,1.72382325126976e-11
YLR447C,-0.338621713996328,8.58613044048478,92.0712681077652,2.96138029503588e-12,1.7478175650139e-11
YBR007C,0.426958346727451,5.85736027717274,92.0516266281912,2.97075218763131e-12,1.75164990908299e-11
YIL014W,0.317413680748697,6.53780271441482,91.922640339418,3.03307415903438e-12,1.78666565902461e-11
YOR119C,-0.784447675131128,5.18542965362827,91.6726385938468,3.15779527607972e-12,1.85833503432738e-11
YOL003C,0.307661075613601,5.39984542755767,91.5646182870141,3.21333455986958e-12,1.88766321173722e-11
YHL033C,-0.634508649050198,9.80842950126697,91.5636523192941,3.21383580502836e-12,1.88766321173722e-11
YNL263C,0.273726058663676,6.98711895277594,91.4677510573582,3.26400909405858e-12,1.91528402481644e-11
YLR177W,-0.500431513894462,7.97933422130174,91.4088189790496,3.2952470838634e-12,1.93175130108948e-11
YLR080W,0.778661858125831,5.00241566703027,91.3817066052731,3.30972342311868e-12,1.93837026272157e-11
YAR053W,1.49400064178093,0.898142590913499,91.3292831115319,3.33790345048248e-12,1.9529944707871e-11
YER074W-A,0.449646442138053,5.92181131299059,91.0789608864823,3.47596798127914e-12,2.03182182191004e-11
YBR035C,0.436275921198022,7.08772382154128,91.053332101725,3.49043694470037e-12,2.03832138277368e-11
YIL127C,-1.1028494503944,5.37437199268065,91.020464743534,3.50908483007322e-12,2.04724651879152e-11
YMR198W,0.391853225462655,5.29799650586903,90.9846895377543,3.52950111090027e-12,2.05614108688507e-11
YBR231C,0.545130778006949,6.03017822757843,90.9819168158299,3.53108863729646e-12,2.05614108688507e-11
YCR053W,-0.296290394553923,8.64251998817948,90.9325994103158,3.55945061458311e-12,2.07067466441092e-11
YCL056C,0.636354327223829,4.76823690106246,90.801977484963,3.63572817662686e-12,2.11302826693166e-11
YEL069C,-0.852166067335246,2.56584662046142,90.7383920951467,3.67347659180201e-12,2.13292987224382e-11
YBR109W-A,-1.44558850547196,0.967796408592448,90.5673098574975,3.77709292885231e-12,2.19100195157925e-11
YGR158C,-0.738436876777271,5.48846047374166,90.3179225157041,3.93364774406176e-12,2.27964252596341e-11
YLR441C,-0.404232480358724,10.4640812962695,90.2735915779613,3.96218048258014e-12,2.29399317188394e-11
YJL055W,0.385663814772111,7.83797223234919,90.266063176467,3.96704746847275e-12,2.29462774198257e-11
YKL110C,-0.590837369918145,5.89656117511927,90.2327914885403,3.98863211709299e-12,2.30492178846257e-11
YER146W,0.671396651443743,3.44669825218205,90.2124402903526,4.00189529641056e-12,2.31039211372469e-11
YDR057W,0.251270711335204,6.07954126462866,90.1977742006703,4.01148202104387e-12,2.3114383772351e-11
YHL016C,0.441225231298144,4.27312229705885,90.1944190734448,4.01367853038437e-12,2.3114383772351e-11
YOR298C-A,-0.53333302246632,8.66095220293091,90.1922437749943,4.01510331099013e-12,2.3114383772351e-11
YIL012W,1.15276437419877,1.57411692574856,90.080939789484,4.08871653506888e-12,2.35094131505576e-11
YLR350W,0.814082872429649,9.10812153800962,90.0768484098975,4.09144922373715e-12,2.35094131505576e-11
YOL086W-A,0.876220402251691,5.46174361986854,90.0637708117516,4.10019675940065e-12,2.35374502650499e-11
YOL034W,0.554318682792146,4.73611284575718,89.8349629709995,4.25645397909718e-12,2.44114255068863e-11
YDL167C,-1.15720964782582,5.43561078945935,89.7857019014883,4.29090340091564e-12,2.45858259835891e-11
YBR076C-A,0.70210045018167,4.48186354073157,89.728224232843,4.33146811361819e-12,2.47949044885858e-11
YNL075W,-0.788757827607542,5.54554525790338,89.6814745253878,4.36475754304151e-12,2.49619827532026e-11
YKL141W,0.454156301167865,7.10390764576846,89.250788769664,4.68433612563289e-12,2.67644932624189e-11
YPL076W,-0.407203086511438,4.58294948080754,89.1798229621453,4.73930167146927e-12,2.70310636210931e-11
YPL218W,0.30681280144871,8.40454149935499,89.1790861261265,4.73987590529274e-12,2.70310636210931e-11
YOR096W,-0.45002033237612,9.81922079194433,89.0336036996733,4.85469297257975e-12,2.76599314027601e-11
YCL073C,0.989545372595727,1.96059771196076,88.8756736485173,4.98263556392544e-12,2.83623362081256e-11
YER102W,-0.365160813081914,10.6620011225723,88.7198881437639,5.11230236912675e-12,2.90732335664825e-11
YHR087W,-1.04314477174876,6.10107330630378,88.5068244310125,5.2953897671703e-12,3.00863181449405e-11
YBL054W,-1.32770782168463,4.63766946778923,88.4914571408246,5.30885763603547e-12,3.01347002941006e-11
YPL283C,0.484377760723297,6.87746322060595,88.4420203086493,5.35242772022535e-12,3.03537024022099e-11
YCL050C,-0.264796184366389,8.07080429086469,88.3574423112075,5.42783880632658e-12,3.07526993822135e-11
YML126C,-0.383044124741952,8.16880035857956,88.3488116837329,5.43559629644188e-12,3.07680032221849e-11
YML069W,0.271244452795653,7.91983136248876,88.3333742092523,5.4495009598929e-12,3.08180421384278e-11
YDL010W,0.731410289103904,4.71610441112819,88.2226233860918,5.55035324359928e-12,3.13592381497694e-11
YIL133C,-0.391028008246373,9.48905453482428,88.1371953101404,5.6294797946206e-12,3.17767945735309e-11
YOR341W,-0.802780427297652,8.09233530130658,88.1151330586307,5.65010587443657e-12,3.18636647321098e-11
YGR143W,-0.329324425763766,7.09924007588791,88.0459223324954,5.71532609538806e-12,3.22016289726262e-11
YEL035C,1.09586615938443,1.11137274731243,88.0302443449536,5.73020930641413e-12,3.22556185287049e-11
YMR049C,-0.998710828054325,6.08829249106146,88.0127970396148,5.74681984561155e-12,3.23192225143681e-11
YFR042W,0.585138793869063,5.10804629185967,87.8159983902643,5.93770914399926e-12,3.33619207213624e-11
YMR312W,-0.459831419298655,5.27089344949657,87.3560224565681,6.41022001924834e-12,3.59835690194891e-11
YKL001C,0.587494832469762,5.43615747561539,87.2857939553646,6.48575584132287e-12,3.63740316077877e-11
YOR056C,-0.798738670125895,6.29125755913586,87.1999777596601,6.57932404837051e-12,3.686481292296e-11
YMR163C,0.459744827426885,5.01614801071818,87.1016782236374,6.68824192793282e-12,3.744061833622e-11
YER073W,-0.70269111420718,8.69014943862861,87.0210082524215,6.77903540151248e-12,3.79139985461428e-11
YDR365C,-0.887215640168943,7.78942953775382,87.0085365864868,6.79318690889619e-12,3.79582574294154e-11
YCR034W,-0.424515136562386,7.34441604801628,86.9330050170264,6.87955534818677e-12,3.84055910951528e-11
YOL139C,-0.352252313782329,8.75079430924423,86.7769370158731,7.06167640378618e-12,3.93861603272584e-11
YAL005C,-0.777400592849527,10.413767756184,86.4305885456144,7.4841039440596e-12,4.17040041205152e-11
YJR051W,0.30024404011007,6.73788162099585,86.3907512345244,7.5343608011691e-12,4.19456408738463e-11
YML116W-A,0.59045062616091,4.61195824386748,86.3502075271489,7.58587164155724e-12,4.21938107302338e-11
YML109W,0.435048930659216,5.1092087320328,86.2563210268901,7.70657482427407e-12,4.28260345257605e-11
YGR189C,0.625115143055478,9.68086313355536,86.1456349599516,7.85146264949766e-12,4.35913779399574e-11
YLL008W,-1.17148197289118,6.45965378840501,85.9626444495595,8.09728367973581e-12,4.49151970749247e-11
YJL045W,0.78592418952131,3.52214535987913,85.8971585924663,8.1872003448825e-12,4.53725993612113e-11
YNL315C,-0.367357154680476,6.5044010378386,85.8895262089373,8.19774793815454e-12,4.53897144710376e-11
YDR379C-A,1.16016673418235,3.13840827924069,85.7808826131978,8.34944018350515e-12,4.61875850151171e-11
YGR161C,0.693358709258217,8.58637728937214,85.6905228683936,8.47784122387011e-12,4.68552805152131e-11
YMR032W,-0.542928692347613,5.96117570812328,85.6741901129861,8.50126974980679e-12,4.69421292446228e-11
YHR088W,-0.968610014392497,5.00855216599659,85.6456998161256,8.54230001930438e-12,4.7125925310487e-11
YKR085C,-0.531762337161266,5.878099845872,85.5310391247712,8.70953589518579e-12,4.80050053643166e-11
YBR115C,-0.42072059598204,7.17305238526965,85.4944464536039,8.76362588519574e-12,4.82594239922317e-11
YDR299W,-1.45602788265396,4.53454642107751,85.4645016249757,8.80815083849549e-12,4.84607575517586e-11
YER082C,-0.82128819160023,5.95188450863307,85.36264635348,8.96138019001028e-12,4.92592578646907e-11
YDR253C,0.535061921707772,4.62994934804166,85.2050997747277,9.20390970569908e-12,5.05467423819304e-11
YHR085W,-1.0201525006049,4.24959549602395,85.1916594752128,9.22491552213788e-12,5.06164210569964e-11
YPR194C,-0.582595355128974,3.70347609948274,85.111486273575,9.35126493599439e-12,5.12634658878612e-11
YBR059C,0.405167491300983,7.96352214746125,85.0128461579407,9.50920713362375e-12,5.2082381105401e-11
YGL073W,0.298612100371345,6.91962614974178,84.9986928251394,9.53209744629157e-12,5.21608030221980e-11
YPR091C,0.406906080489319,6.98450768806378,84.8977020726307,9.69711397255394e-12,5.30161172713304e-11
YNR032W,0.327913734373145,6.17016621362819,84.8325234590994,9.80519971575441e-12,5.35589230434162e-11
YLR197W,-0.801913985781705,7.92716172964348,84.7799034207043,9.89337930011143e-12,5.39921193194422e-11
YGR081C,-0.63450760402961,4.26438975349626,84.7707264859334,9.90884263088185e-12,5.40280532337958e-11
YGL115W,-0.306425502726658,6.69866734760622,84.747287836882,9.94845218627567e-12,5.41954624471687e-11
YIL020C,-0.579124037427546,4.66085649470382,84.6835212131794,1.00570540317152e-11,5.47380803067863e-11
YDR385W,-0.487050152900633,10.9657250603039,84.6331971693205,1.01436374512809e-11,5.5159994540701e-11
YER078C,0.256628976576873,6.17183149828315,84.5658675405881,1.02607013510362e-11,5.57467568937995e-11
YDR297W,-0.406752797003071,7.99807000823254,84.5297300171346,1.03241148826172e-11,5.60412480470345e-11
YMR080C,-0.451954130719435,7.13889360780272,84.5222692487516,1.03372579284975e-11,5.60625797637318e-11
YIL019W,-0.760035528143933,5.33250366563415,84.5160644053665,1.03482018496499e-11,5.60719574845235e-11
YPL113C,0.572977010118187,3.80745190337805,84.3342365373383,1.06743489538375e-11,5.77877343274921e-11
YGR179C,0.341645723915375,5.15322344603717,84.1995236766846,1.09229136818454e-11,5.9080826448026e-11
YDR064W,-0.460786832678257,10.6496833523056,84.1669870964925,1.09838519306349e-11,5.93576722894433e-11
YML003W,-0.764858058220945,2.54640809901136,84.0519111306119,1.12022499615354e-11,6.04841978845988e-11
YPR138C,0.612081150177837,7.01994354750781,84.0413034360149,1.12226094062801e-11,6.05404062386651e-11
YNR072W,-0.65973029686353,2.84853449339838,84.0002122702803,1.13018423909931e-11,6.09138272357775e-11
YGL185C,0.515085621010687,5.18663653670232,83.9796190596241,1.13417707644569e-11,6.10749337183366e-11
YDR038C,-0.514013671125417,6.76535521177146,83.9559147255912,1.13879141904005e-11,6.12691935000769e-11
YPR001W,0.660032601261601,4.29088797325217,83.9311337906273,1.14363635015058e-11,6.14755052178998e-11
YNL132W,-1.01894047902548,6.29147221076292,83.6443746281541,1.20129649798745e-11,6.45179981487524e-11
YDR181C,0.427542543523451,5.5734004706316,83.5911618103454,1.21232687222594e-11,6.50529895722649e-11
YFL053W,-0.81863071890841,3.64144725890965,83.4417538442582,1.24386772940574e-11,6.66363341477159e-11
YMR174C,1.06290860219148,3.94094808180129,83.4410223409865,1.24402424965991e-11,6.66363341477159e-11
YFL023W,-1.10626946147906,5.07258153496487,83.3268819856507,1.26870132222842e-11,6.78983953013188e-11
YOL029C,0.399638685590264,5.92187811523671,83.1938407394414,1.29811280282415e-11,6.94113919612033e-11
YGR244C,0.591948046206166,8.22547140044232,83.186940362059,1.2996576067506e-11,6.94329810103373e-11
YJL011C,-0.815800178008201,3.62120916673071,83.1484193152055,1.3083168327119e-11,6.98342800618589e-11
YDR386W,0.480255474933052,4.75163679642183,83.1415237291306,1.30987326780901e-11,6.98560809344244e-11
YPL012W,-1.24507506747613,6.43036792139509,83.1312817576508,1.31218860941738e-11,6.99182809834043e-11
YDL018C,0.567365511613817,5.1601482569497,83.0643512686177,1.3274250419167e-11,7.06682535438595e-11
YDR381C-A,0.656840145908616,5.09426894704904,82.9648043132512,1.35042990152087e-11,7.18301219471546e-11
YBL024W,-0.637978709395884,6.55763140323386,82.9058992325785,1.36423878866088e-11,7.25012491615847e-11
YOR028C,-0.658923281652467,5.33183836650595,82.8551999353579,1.3762423731003e-11,7.30753476467308e-11
YOR370C,-0.291162383333496,7.73795980700513,82.8230968722571,1.38390022655706e-11,7.34178978081929e-11
YJR002W,-0.762278928403622,6.66240856811009,82.6458451987426,1.42699237780831e-11,7.56380541721564e-11
YJL125C,-0.774185790133424,4.85794060246319,82.6208430477341,1.43318282557002e-11,7.59000652183951e-11
YDR498C,0.324836104822299,5.98259408142781,82.6071791718502,1.43657782769759e-11,7.6013705056868e-11
YGR175C,-0.499114239171366,8.42517567154878,82.5810036894273,1.44310506344038e-11,7.62927394529514e-11
YER004W,0.619817039984906,7.79947243710421,82.5392124565057,1.45359073689054e-11,7.67803787671782e-11
YDR132C,0.652486320440077,4.91718242206151,82.4907958288484,1.46583855468683e-11,7.73601700370284e-11
YER169W,-0.410850819175738,5.89659347892336,82.4584338661204,1.47408526310823e-11,7.77279794281938e-11
YNL250W,0.475163284377331,5.52155499990409,82.4336910797285,1.48042315008462e-11,7.79945876040254e-11
YLR083C,-0.541051672133642,7.32938754462632,82.3319308948051,1.50679052519094e-11,7.93150548943502e-11
YNR033W,-0.419671348791978,6.72773747731255,82.2144486052684,1.53784417894581e-11,8.08797046576081e-11
YNL136W,0.473275689831972,6.48442910313168,82.1674926631452,1.55044259007578e-11,8.14718753075225e-11
YOL133W,0.430195349964812,4.86712328579733,82.1503127501503,1.5550789622987e-11,8.16449998756481e-11
YDR128W,0.384310121500204,6.65334032365903,82.1303506149255,1.56048441129696e-11,8.18581693339829e-11
YML007C-A,1.18170472802243,0.786276340206829,82.1250200573614,1.56193117151677e-11,8.18634899111072e-11
YNR057C,0.685691230927107,4.03359698110217,81.9548312306629,1.60886771543494e-11,8.42509470604268e-11
YPL194W,0.407694210557684,4.37300846743816,81.9445543405345,1.61174884227646e-11,8.43292494002773e-11
YAR068W,0.86064895321879,4.61633372060918,81.6625555978071,1.69295154950337e-11,8.85018056591754e-11
YLR283W,0.577695956877252,4.28995569535302,81.5767813112785,1.71849130190898e-11,8.97598246533575e-11
YBR157C,-0.459731028858713,5.06575654637686,81.5576089704781,1.72425492115984e-11,8.99836294619009e-11
YNL186W,-0.830477144590284,6.25399176353366,81.4365570504588,1.76111605474233e-11,9.18285449280814e-11
YJL078C,-0.658734833583075,8.32059061802604,81.3298300685096,1.79429941095416e-11,9.34786979080144e-11
YLR124W,-0.816377772764735,1.42612397156511,81.3168416669997,1.79838218290056e-11,9.361125391745e-11
YPR057W,0.302400128667875,5.74547932911497,81.1582195591357,1.84903540970061e-11,9.61656450258819e-11
YLR313C,0.551930247536018,3.78549503973536,81.0921571140893,1.87056976824988e-11,9.72025366336511e-11
YMR068W,0.616995134921619,5.64740004623089,81.0863132168449,1.87248729846028e-11,9.72191570915599e-11
YOR063W,-0.497343357678211,12.2846196350363,81.0531460877159,1.88340931800446e-11,9.77028618930703e-11
YGL196W,-0.514156945785149,6.54037806607416,80.9564987036794,1.9156174726864e-11,9.92890316975874e-11
YOR065W,-0.560626079335994,6.26484045334596,80.8767449420621,1.94262981004496e-11,1.00603424630839e-10
YJL047C,0.35472005103287,5.09066286859741,80.8486140999557,1.95225250022022e-11,1.01015786257143e-10
YMR014W,-1.04307130238171,6.00071151908417,80.8220053447519,1.9614004547618e-11,1.01394607184386e-10
YLR190W,-0.4121960144754,6.03033155735482,80.8176377827363,1.96290628205763e-11,1.01394607184386e-10
YJR063W,-0.849056640020077,5.42312345856366,80.7833557604256,1.97476798402041e-11,1.01920807317763e-10
YBR104W,-0.527454576824319,5.43722253173299,80.7072865943412,2.00135693503516e-11,1.03205567370245e-10
YER024W,0.740564680464711,5.78479747655357,80.6192502348473,2.03259731699749e-11,1.04727812649701e-10
YOL141W,-1.28871362842806,1.7613899919684,80.6072414990255,2.03689810812858e-11,1.04860617495452e-10
YER150W,-1.34055860231402,6.63940352228525,80.5492456828797,2.05780314152341e-11,1.05847270635418e-10
YKL096W-A,-0.628450995116557,10.4904894644122,80.5194755896385,2.06862110974176e-11,1.06313846729549e-10
YML087C,0.615518703467347,4.05109431612757,80.3767506568324,2.12131810276751e-11,1.08930132112576e-10
YGR131W,-0.505318113145746,4.29475815002998,80.2288782035436,2.17740003782607e-11,1.11715676476995e-10
YLL055W,0.371390999542347,5.30892775420559,80.160883298895,2.20370654292119e-11,1.12970129011587e-10
YDR383C,0.553208731009547,4.99987381593684,79.9227672402361,2.29848418335839e-11,1.17729598112254e-10
YLR409C,-1.01950886714443,6.13727759096243,79.8840704557826,2.31428536262256e-11,1.18439246690986e-10
YDR423C,0.354250655486305,6.14827047670601,79.6923970084176,2.39424568303973e-11,1.22428445220981e-10
YBL086C,0.279826221754122,6.89983467237734,79.6432318126341,2.41521836610141e-11,1.23397176807113e-10
YNL325C,0.331955212736782,4.9606601981876,79.6120425271294,2.42862257562645e-11,1.23977922589656e-10
YLR406C,-0.438827328957097,8.72093255625876,79.4979657205704,2.47831634902968e-11,1.26376293237842e-10
YKL044W,-0.859537020705659,2.76363080141462,79.49469137244,2.47975832581732e-11,1.26376293237842e-10
YBR023C,0.287247781833704,7.49662241933391,79.3514692203023,2.54369854420024e-11,1.29526407041493e-10
YLR299W,0.464315951610316,6.88215219645022,79.3435397814434,2.54728860561075e-11,1.29600762250346e-10
YKR098C,0.503512575082063,6.31455211039118,79.256258477787,2.58715762704508e-11,1.31519249461732e-10
YOR064C,0.519258067199135,4.54054983784741,79.2327920013436,2.59798785896979e-11,1.31959566960193e-10
YNL016W,-0.423585540577158,8.26522438192388,79.2190297806901,2.60436145677431e-11,1.32172973014776e-10
YLL057C,0.465871540337815,4.21906341470409,79.1915591496916,2.61713272281075e-11,1.32710438485862e-10
YMR250W,-0.956783696276318,6.94274325936396,79.1688515677301,2.62773910537088e-11,1.33137322699266e-10
YMR107W,1.53631089164111,2.69690300286975,79.1367542549157,2.64280810504518e-11,1.33749536608504e-10
YNL178W,-0.416250693098157,11.099121004497,79.133760002207,2.64421844765868e-11,1.33749536608504e-10
YJR016C,-0.542284515412197,9.64799440834494,78.9827851184842,2.71636135083392e-11,1.37284541692894e-10
YHR140W,-0.678152776006051,2.20961367869784,78.7026934620326,2.85571264032983e-11,1.44207563621635e-10
YMR004W,0.36052828289104,6.37410199235251,78.6976963381655,2.85826569605716e-11,1.44216805642685e-10
YHR112C,0.552095818704563,6.3024888561217,78.6570459425068,2.87912316766808e-11,1.45148835751949e-10
YDR324C,-1.12984852690975,5.37748349511437,78.6424366964226,2.88665794772299e-11,1.45408225264027e-10
YER111C,0.601633497372374,5.27006221223168,78.5852795156265,2.9163359307751e-11,1.46781671950095e-10
YOR194C,0.252072284286132,6.97000561772007,78.5161383658535,2.95266380159216e-11,1.48487266385853e-10
YOR243C,-0.630306705710835,7.16319029718421,78.4989503404896,2.96176797316202e-11,1.48822114919e-10
YPL156C,-0.810646193646571,5.39544336525485,78.4899346788274,2.96655514258795e-11,1.48939670318875e-10
YJL010C,-0.857245527574675,5.4852375565542,78.3835566986569,3.02365566406143e-11,1.51681324944879e-10
YGL179C,-0.485984220570521,5.74240708532875,78.3123322311206,3.06252893656125e-11,1.5350484826174e-10
YBL039W-B,0.737842781320046,3.79678026639719,78.2886621662631,3.07556323658806e-11,1.54031294606077e-10
YGL193C,0.71752020184412,4.51696439761081,78.254850751048,3.09428283789136e-11,1.54841373919152e-10
YBR258C,0.481465434309802,4.07210652187958,78.1436772029623,3.15667908348667e-11,1.57833954174334e-10
YPL272C,0.538395406916763,4.68796735077769,78.0978345334654,3.18279055268461e-11,1.59008871207601e-10
YBR299W,0.626608013242076,4.56154003923595,78.0730801586004,3.19698427702783e-11,1.59586950990273e-10
YHR108W,-0.225874665866164,7.8017012173829,78.0427985461246,3.21443737379715e-11,1.60326650979964e-10
YPR053C,0.558994432827084,3.19081767533859,78.033118573129,3.22003753255599e-11,1.60474433952524e-10
YKR101W,0.571971650301082,4.33208031449669,78.0208824625756,3.2271311123474e-11,1.60696340578019e-10
YBR184W,0.86119448627209,2.00436954283612,78.0030746358449,3.23748399522383e-11,1.61080049966778e-10
YER126C,-0.788083642281974,6.39698301716802,77.9981476675708,3.24035450780364e-11,1.61091153431251e-10
YMR294W,0.40806335993368,4.88744329987885,77.911712211627,3.29114855686644e-11,1.63482767090059e-10
YER010C,0.45148942720525,6.18984629225036,77.7894862030896,3.36440200430202e-11,1.66985205515316e-10
YML093W,-1.00622498399843,6.86664605890447,77.7747385890922,3.37335535104075e-11,1.67293132119666e-10
YBR181C,-0.486627181998678,10.0807790536155,77.7509707259387,3.3878374600955e-11,1.67874519093495e-10
YLR030W,0.473635768896191,3.77359450219204,77.6911474189389,3.42457747636121e-11,1.69556988963857e-10
YBR255C-A,0.511005116436631,5.1891310719464,77.6464414410668,3.45230546347135e-11,1.70790884107505e-10
YOL124C,-1.05366956988725,5.23307904435653,77.6240310282348,3.46629340586989e-11,1.71343585497305e-10
YFL007W,-0.279994993503785,7.42017325099221,77.5286413973194,3.52649991729024e-11,1.74108722561187e-10
YGL146C,0.615659610872297,3.9279709368348,77.5259293220232,3.52822760070357e-11,1.74108722561187e-10
YFL041W,0.391263107092271,6.99372603839155,77.521868457551,3.53081616500418e-11,1.74108722561187e-10
YLR093C,0.343278100783076,7.26191676087136,77.4511890352218,3.5761900011283e-11,1.7620336969122e-10
YOR207C,-0.450516090571485,7.35625009405082,77.4446012022504,3.58045015404892e-11,1.76270543587279e-10
YNL259C,0.744457882132533,4.90061426844857,77.3814841670676,3.62153631957433e-11,1.78149139083345e-10
YER063W,0.496476938780887,7.02140219694577,77.3019201602453,3.6740329927398e-11,1.80585547341048e-10
YBR020W,0.424758977355911,4.22853708908365,77.2970629340946,3.67726350030646e-11,1.80598453586479e-10
YER048C,0.337122139173851,7.59512203157641,76.9615890711343,3.90773932420029e-11,1.91762853127087e-10
YOR393W,1.33863245689639,1.56037522343799,76.9306644234137,3.92973304963972e-11,1.9268674945252e-10
YGL186C,-0.558631246584297,6.99934192824188,76.9247450832522,3.93395766084992e-11,1.92738585879805e-10
YDR447C,-0.446334008758066,9.14745436641128,76.9105245655453,3.94412623274479e-11,1.9308132040428e-10
YOR133W,-0.487871599708245,11.598202290501,76.903526156203,3.94914063749163e-11,1.93171388899812e-10
YPL056C,-0.882616413049919,4.8902154960437,76.851500092792,3.98662748075808e-11,1.94848419441068e-10
YNL339C,0.441133818766238,6.92518037034603,76.7914294393026,4.03037455281472e-11,1.9682848438104e-10
YKL033W-A,0.332390711771636,7.09424032225021,76.7753139527782,4.04219610506629e-11,1.97247500395576e-10
YIL069C,-0.430745779062343,9.53631055815129,76.7570537893019,4.05563476482183e-11,1.977446918585e-10
YDR501W,-0.522294281720316,3.19946394083455,76.6514111212105,4.13430647661166e-11,2.01419174621152e-10
YLR024C,-0.395717460734999,5.51103391385005,76.4895432201739,4.25796240022244e-11,2.07277609642829e-10
YGR103W,-0.792313996624883,8.11154301003017,76.2447841556042,4.45234576503292e-11,2.16566938291169e-10
YDR463W,0.278793296845952,6.29557704646554,76.2025096729664,4.48684943985881e-11,2.17931485118745e-10
YPR078C,0.842835503446533,3.04947686118194,76.2016401594742,4.48756205182888e-11,2.17931485118745e-10
YKR095W-A,0.549065049934896,4.83750248425406,76.0847869197504,4.5844155955478e-11,2.22457487232124e-10
YDR315C,0.556393072128673,4.27354594367033,75.9855610848962,4.66837631515898e-11,2.26351154404322e-10
YPR002C-A,-0.696759639076827,2.89994521805656,75.9674456870384,4.68387776487539e-11,2.26921944261678e-10
YLR378C,0.237239571181371,8.1788527205917,75.9452689729681,4.70292789147214e-11,2.27663613521145e-10
YOR074C,0.521279652585227,5.35143179992264,75.8607345930213,4.77629124037216e-11,2.31031257533105e-10
YOL009C,0.400918382029744,4.77236277556772,75.8281160643303,4.80491872908705e-11,2.32231377811713e-10
YER159C,-0.519428164099212,6.07930306752003,75.819371776431,4.81262359802753e-11,2.32419163444425e-10
YDR120C,-0.784538690290654,6.11477414830016,75.7958879752437,4.83337999303359e-11,2.33236457237188e-10
YGR208W,-0.679972450388708,6.56216327544019,75.7657545801436,4.8601510531802e-11,2.34342465599061e-10
YDR450W,-0.498882803597828,10.3238649439788,75.7488688610797,4.8752204509413e-11,2.34882948883435e-10
YOL105C,0.535607169509343,6.7306684405227,75.7292087206698,4.89282748264999e-11,2.35544740758902e-10
YDR143C,-0.504247352569497,6.60627281202343,75.5699585625198,5.03792391300737e-11,2.42338079135572e-10
YAL054C,0.666080770872726,5.54790197628924,75.4905050421215,5.11199329515941e-11,2.45706786738112e-10
YHR050W,0.370499977210713,7.59914070609563,75.4558686205834,5.14463854781441e-11,2.47080706893849e-10
YPL060C-A,-1.00735615118797,2.31757187351151,75.4263662803356,5.17261695999292e-11,2.48228503166852e-10
YPR098C,0.523654181869607,5.5944502773254,75.373443819062,5.22320558730744e-11,2.50458676113205e-10
YDR098C,0.312960976959546,6.90503202359071,75.2920661160178,5.30200747361463e-11,2.54037129739725e-10
YDL136W,-0.414307320514071,9.91257529757593,75.1165736595874,5.47621082091941e-11,2.621773630629e-10
YAL044W-A,0.623493345449988,2.77220764567723,74.8752494339366,5.72560555406795e-11,2.73901806576285e-10
YLR392C,0.416978632181391,5.95339443065037,74.8620058421913,5.73963161277108e-11,2.74357096337094e-10
YDR266C,-0.451167231555588,5.97365714834987,74.8566001548536,5.74536701497581e-11,2.74415685134441e-10
YJL199C,0.565680317553949,4.38628598392953,74.8462972683747,5.75631493632595e-11,2.74722952059164e-10
YFR035C,0.846231024607083,4.40767168699818,74.8249896361304,5.77902591958222e-11,2.75590695302961e-10
YNL251C,-0.604338820294983,7.18491665833877,74.8060493227283,5.79929241455143e-11,2.76340597827294e-10
YLR333C,-0.352467831977145,8.66285045514391,74.7267808280065,5.88492188499159e-11,2.80201484117166e-10
YMR298W,0.344667021598731,6.44748717668977,74.6519476392709,5.96697511362629e-11,2.8388618894774e-10
YMR229C,-0.817884516897387,7.33586929829765,74.6343100773288,5.98648821331098e-11,2.84592037328104e-10
YOR367W,0.472034962593636,5.14308158210159,74.6239107264791,5.99802469965711e-11,2.8491787898059e-10
YEL055C,-0.587549841048383,6.54949113997234,74.6099029045761,6.01360102968447e-11,2.85428912674661e-10
YKR022C,0.254880529318219,5.83199723043845,74.6058063795111,6.01816425573689e-11,2.85428912674661e-10
YOL043C,0.381429133521205,5.56782352623255,74.5389305681176,6.09317374658206e-11,2.88761388223924e-10
YOR075W,0.467359898435644,5.04470156350008,74.5196381112062,6.11499402640802e-11,2.89569950589049e-10
YER145C,0.513206994268365,8.67507387740002,74.4970276238743,6.140671235512e-11,2.90559754806303e-10
YAL009W,0.268989819577097,5.35069751430007,74.4378389073591,6.20842374508512e-11,2.93537361995672e-10
YKR041W,1.01291914528139,2.33470298553806,74.2699956696392,6.40484109466457e-11,3.02588960101195e-10
YGL169W,-0.669777971562893,5.410015386614,74.2168167519217,6.46842175636786e-11,3.05355674069034e-10
YHR020W,-0.393678282203877,8.44464464945978,74.2099244039742,6.47671047593315e-11,3.05509947643823e-10
YOR303W,-0.336772813320055,7.3975346695566,74.0485840800628,6.67394795730553e-11,3.14569894037213e-10
YHR170W,-0.660390048328155,7.38440716249684,74.0175338599353,6.71262274591682e-11,3.16147905641671e-10
YKL097C,1.54466969828187,1.02955734987855,74.0073845461963,6.72531510113462e-11,3.16500714542956e-10
YEL002C,0.242664597511874,7.90302597302399,73.9453403563229,6.80345343673628e-11,3.19930557670327e-10
YJL109C,-0.943643968350609,6.58405317669474,73.9157150814839,6.84109811541787e-11,3.21452370905928e-10
YHR046C,-0.387074461381861,5.29556507948344,73.8226830767983,6.96073734369381e-11,3.26585571493992e-10
YOR359W,-1.13851050626784,4.47981134002065,73.8224219710606,6.96107619108806e-11,3.26585571493992e-10
YGR048W,0.350799071081821,6.57666992951794,73.817380792677,6.96762171659415e-11,3.26640817761752e-10
YGL002W,0.354939642636218,5.94607224293887,73.7419389001862,7.06634974700421e-11,3.31014150966286e-10
YOR287C,-1.373564277097,3.1149700018947,73.6979926592936,7.12453454446344e-11,3.3348302079277e-10
YBR142W,-1.0870218304232,5.47400933366459,73.5730750030701,7.29268057377443e-11,3.41091170572002e-10
YJL190C,-0.587802552726554,10.3621896385392,73.4812018955306,7.41899486997333e-11,3.46732594345528e-10
YMR211W,-0.331245354843507,4.68738596164068,73.4589088753045,7.44998897340562e-11,3.47913913301406e-10
YOR009W,-0.781717858757194,5.91816565028102,73.358610107936,7.59112090660549e-11,3.54232904269129e-10
YJR008W,-0.600962996118634,5.80403788605909,73.1622713453762,7.8755546203008e-11,3.66957403022992e-10
YPR159W,0.3135755668802,8.40762794116461,73.1606519704627,7.87794644002793e-11,3.66957403022992e-10
YBL040C,0.395984046097076,6.8004230779207,73.1579795678988,7.88189524652507e-11,3.66957403022992e-10
YHR179W,-0.370916940048041,10.0637521824662,73.1065873478067,7.95823803573018e-11,3.70228428497081e-10
YOR361C,-0.516771406240882,8.19917429385847,72.8988607998401,8.27479069461374e-11,3.84660820295834e-10
YJL208C,-0.826134779129439,4.2308476450656,72.8767892784414,8.30919149513752e-11,3.85965116396273e-10
YJL061W,-0.497583036022891,5.782530452389,72.8428598997282,8.36236627293071e-11,3.88138815948004e-10
YER092W,0.601478884113227,5.89096659602594,72.817422207686,8.40246629491817e-11,3.89702800339764e-10
YIL078W,-0.459070834805277,9.32210949822679,72.7924701201257,8.44199641012489e-11,3.91237990522543e-10
YIL131C,-0.577166839361277,4.7579332695787,72.7664901517685,8.48336186716822e-11,3.92855836847174e-10
YDR273W,0.611287410994491,4.42178893283121,72.6541670226342,8.66466019953738e-11,4.00946443453878e-10
YIL158W,-0.588982664772026,5.52904955800657,72.6422734552935,8.68409341595708e-11,4.01540337660325e-10
YOR145C,-0.854856374493213,5.43009990190032,72.6315625004381,8.7016333768381e-11,4.02045854958693e-10
YJR054W,0.505916824064314,5.20920009854739,72.5774700321116,8.79078200053464e-11,4.0585666519919e-10
YMR071C,0.356463003094851,7.31856395961739,72.5613913881031,8.81746480187092e-11,4.06779934187904e-10
YOR130C,0.531175650674026,5.71778657017391,72.5405474192023,8.85218200122106e-11,4.08072177859319e-10
YLR164W,0.663461287242326,4.38525737085381,72.5273230531165,8.87428234329629e-11,4.08781287350174e-10
YMR258C,-0.286100531254553,6.39046769850985,72.4848192847007,8.94570591601436e-11,4.11759610430767e-10
YHL037C,1.24253064624765,1.2078262261689,72.3770309380769,9.12954524361814e-11,4.19903876095362e-10
YOL082W,0.583292001137605,7.04308612461631,72.3328312773855,9.20606978585304e-11,4.23103736003895e-10
YBR038W,-0.415799576267333,5.80340250886634,72.0168559206557,9.7730676648472e-11,4.4882352257053e-10
YPR012W,0.73006049893641,3.5926329895867,71.9823843140838,9.83709954757398e-11,4.51423459630374e-10
YGR043C,0.816525269300094,4.42987985400209,71.9655237204932,9.86857831476706e-11,4.52526744878354e-10
YNL018C,-0.685530409298699,2.21338003516747,71.747141349709,1.02859622079712e-10,4.71310843640849e-10
YPL131W,-0.428118816615356,11.4414829106537,71.7414208791094,1.02971406693577e-10,4.71468028390078e-10
YOR327C,0.480074737831258,7.83639128323741,71.7039383010617,1.03707013296768e-10,4.74478807537734e-10
YIL156W-B,0.700705114121232,5.72126002077331,71.6999844455062,1.03784928978262e-10,4.74478807537734e-10
YOL040C,-0.327402019886361,10.278225298052,71.69130343382,1.03956214247304e-10,4.74905077848984e-10
YHR196W,-1.21473348919506,5.21944405401168,71.5896164366502,1.05984782410801e-10,4.8380900297804e-10
YDR322W,-0.340276656620849,5.56903785974123,71.4871108832126,1.08071660286527e-10,4.9296555685421e-10
YLL038C,-0.641113102794392,4.34589554379723,71.4761197842016,1.08297964081594e-10,4.93627798828836e-10
YGR187C,-0.680810861561535,5.50326581422987,71.469513105083,1.08434232501439e-10,4.93878970637167e-10
YDL055C,-0.512151320357746,10.698039193531,71.4564185885313,1.08704848825533e-10,4.94741215484944e-10
YHR062C,-0.835961043417829,5.58315889417297,71.4512796410792,1.08811245381711e-10,4.94855327464657e-10
YPR146C,0.47922116857388,4.25804003124425,71.3440181244329,1.11057045289583e-10,5.04691650923907e-10
YDR165W,-0.853674387450257,5.74050044156468,71.2939625857569,1.12121643826382e-10,5.09149404987714e-10
YNL100W,0.372290820283335,6.54733055038864,71.1735267366654,1.14727124732547e-10,5.20592508573863e-10
YJL141C,-0.335349779875569,7.41252109410867,71.0043688822464,1.18494156633268e-10,5.37285352543543e-10
YHR214W-A,0.920728482925741,4.74011527324661,70.9475713957865,1.19787850997683e-10,5.42414568430309e-10
YBR201W,0.395111342074218,5.33876882282709,70.9468819595062,1.19803645023884e-10,5.42414568430309e-10
YNL082W,0.414925630305593,4.63763892146087,70.5970377573093,1.28106277986719e-10,5.79573755798649e-10
YMR079W,-0.343482059669998,6.615904768216,70.4967353935058,1.30596196546172e-10,5.90399595827232e-10
YMR023C,0.365070937252225,4.82598998486304,70.3603154780214,1.34064291701782e-10,6.05628221978727e-10
YNL292W,-0.563052235176028,5.72812782277148,70.258625084749,1.36712128724556e-10,6.17131530629767e-10
YBR196C,-0.639401604676659,11.1477038374244,70.0999300916045,1.40954185580075e-10,6.35808909751486e-10
YPL280W,1.24474172816584,0.488966331529845,70.0772287567943,1.41572186000347e-10,6.38123519860821e-10
YDR348C,0.278464241471571,7.70248067511803,70.0530722778277,1.42232915884775e-10,6.40627159999153e-10
YGR236C,1.13235896337888,1.95835207929639,69.9717031772319,1.4448238099416e-10,6.50277580140136e-10
YLL034C,-0.977048167401818,5.58559580667168,69.9245987516744,1.45801583723e-10,6.55517021163113e-10
YJL214W,-0.539499868960664,3.27518256424796,69.9224534840295,1.45861963295785e-10,6.55517021163113e-10
YLR254C,0.312241754290542,5.43202517260067,69.9000017649769,1.46495450302786e-10,6.57878092319155e-10
YIR018C-A,0.763137846355362,2.45880006071194,69.8655259760785,1.47473815433955e-10,6.6178330893482e-10
YGR090W,-0.671642356875284,6.69328552074087,69.8164846169467,1.4887732793043e-10,6.67589197094079e-10
YMR024W,-0.220430812251062,6.12982137591277,69.7119618490409,1.51915523994554e-10,6.80711313333478e-10
YJL154C,-0.192806818340455,7.36093162577563,69.6930662918515,1.52471659130046e-10,6.82700548790528e-10
YBL037W,-0.317518030666695,5.82676346417543,69.5226589461681,1.57584431692286e-10,7.04852736897665e-10
YHR144C,-0.488390848050749,4.6254078042484,69.5204880716168,1.57650710750653e-10,7.04852736897665e-10
YDL183C,0.672342266081107,3.97265886394384,69.3997087221407,1.61384595277385e-10,7.21017079488172e-10
YMR205C,-0.430014041877558,9.94500169416188,69.312814129699,1.64128121970015e-10,7.32415311462983e-10
YOR286W,-0.267194403844085,6.07810053018883,69.3094157267766,1.64236406894508e-10,7.32415311462983e-10
YCR006C,0.851830895751392,2.72269892000784,69.3075168796336,1.64296943327358e-10,7.32415311462983e-10
YJR069C,-0.443034543469633,6.15505369513811,69.2978417654502,1.64605754934425e-10,7.33254772163966e-10
YML083C,0.567005148888519,3.76533818916693,69.2059460072902,1.67569370101129e-10,7.45910473347015e-10
YLR072W,0.368765261424251,6.9322438296489,69.152150796389,1.69330123594652e-10,7.53197223737909e-10
YMR013C,-0.503025045189019,4.33571996729236,69.1158920874747,1.70527813751204e-10,7.57970596549363e-10
YOR192C,-0.552851721548579,3.11317437832325,69.1109459320915,1.70691880207457e-10,7.58146051870347e-10
YER043C,-0.56564030435478,9.96512128372569,69.0133048277382,1.73964738166515e-10,7.72119206231394e-10
YER098W,0.326211720504735,5.95207483253906,68.9756453884428,1.75244550562804e-10,7.77232573013603e-10
YOR001W,-0.712913613991253,5.86875848481607,68.9565954941131,1.758956893414e-10,7.79552272135775e-10
YGL225W,-0.292488903855125,7.95303572826424,68.8966066133918,1.77962747969155e-10,7.88139244099205e-10
YHR024C,-0.306006258204071,6.94278901122635,68.8673087576891,1.78981502017193e-10,7.92074501654267e-10
YGL123W,-0.451981152833159,11.1454415276464,68.6283725406147,1.87521287794424e-10,8.29263834468803e-10
YJL146W,0.320762248461747,5.57869915724979,68.5399884459699,1.90787359215792e-10,8.43094466832311e-10
YKL056C,-0.747906280131065,11.2353018254412,68.4724356837116,1.93323770833295e-10,8.536829793328e-10
YLR377C,0.476331128766001,3.81874726129779,68.4618880876782,1.93722977806721e-10,8.54316165494087e-10
YPR106W,-0.391081205506143,4.89388703549861,68.4612289029188,1.93747955362669e-10,8.54316165494087e-10
YNL225C,0.713551879578525,5.20828365896663,68.4558291569763,1.93952687261989e-10,8.54599639383927e-10
YGR283C,-0.456908972543921,5.32818641961092,68.4451762181954,1.94357258899972e-10,8.5576260521442e-10
YGL256W,-0.399438789194039,6.3061557875145,68.4397852563836,1.94562330537788e-10,8.56046118092871e-10
YOR272W,-0.801959652039525,6.12782175153434,68.2896127053079,2.0036687048196e-10,8.80948270869022e-10
YGR017W,-0.347332608926708,6.04022527621576,68.239265987416,2.02353238087893e-10,8.89039316797709e-10
YMR040W,0.531049549029852,3.30905892923639,68.2032672574312,2.03786155899027e-10,8.94688859051644e-10
YLR157W-D,0.996916369340319,1.36264009334413,68.1522520765841,2.0583501703399e-10,9.03032500830447e-10
YMR279C,-0.517080176886415,4.09578636780199,68.139315155317,2.06358006850473e-10,9.04674691415796e-10
YDL063C,-1.18192143850889,4.30818296095665,68.1255104059286,2.069176140608e-10,9.06474932728559e-10
YER006W,-0.686184646746218,7.22147723789188,68.1186262582662,2.07197272219072e-10,9.07047051405076e-10
YNL326C,0.307697640604554,4.81325502163544,68.1020154256515,2.07873692786001e-10,9.09354004746813e-10
YCR026C,0.445945589988819,6.64239113168484,67.9640885338701,2.13580388510795e-10,9.33647028798984e-10
YKL084W,0.537058481280839,5.43350073660833,67.9367988103977,2.14728800202449e-10,9.37603339551155e-10
YPR155C,0.409160232733416,5.55611612897084,67.9352635312152,2.14793599890602e-10,9.37603339551155e-10
YLR426W,0.332406762755867,5.63825895726954,67.8795499086983,2.17159015079192e-10,9.47249180470884e-10
YCR079W,0.546494490156933,6.5702826171458,67.8674348168403,2.17676981809001e-10,9.48828391337944e-10
YOL132W,0.652292430334728,2.47616003309877,67.8208468954204,2.19680874904167e-10,9.56877683458736e-10
YER049W,-0.596961639208374,6.90338801239367,67.782528370233,2.21343547016704e-10,9.63430245777285e-10
YDR184C,-1.34231110973246,4.21098499863724,67.7160149001357,2.2426097498934e-10,9.75431045611247e-10
YGL089C,0.462349631346535,3.60566870451902,67.7092988771738,2.2455778389833e-10,9.76024367872386e-10
YFR025C,0.409618121522952,6.40074357486165,67.5051850847706,2.33777414490403e-10,1.01537156828987e-09
YOR294W,-0.749117441357591,6.18484008514432,67.4984465885929,2.34088459876976e-10,1.01599734547175e-09
YOR206W,-1.05546571273147,6.08383776847421,67.3451128391822,2.41284608969977e-10,1.04624783138567e-09
YJR001W,0.21211804134376,7.43636212265278,67.3426486577138,2.41402129049381e-10,1.04624783138567e-09
YOL022C,-0.388579984227128,6.27847464700039,67.332794000386,2.41872710032914e-10,1.04754123882582e-09
YDR397C,-0.884315304186855,2.20679016716423,67.2901987970794,2.43917795307303e-10,1.05564707286269e-09
YHR139C-A,1.07325081992812,1.3671297525544,67.2856339526492,2.44138034482479e-10,1.05584928203687e-09
YNL302C,-0.532549042938675,10.4310799864548,67.1086980246388,2.52837062994881e-10,1.09269426727546e-09
YLR233C,0.549720231106274,4.24637827608797,67.0967339086957,2.5343686899507e-10,1.09450911840667e-09
YDL157C,0.431705333639203,5.8791270491774,67.0778487218544,2.54386687485014e-10,1.09783191017469e-09
YDR176W,0.3088981144956,6.81648884088776,67.0361274889085,2.56498264536279e-10,1.10616012735879e-09
YJR039W,0.374043873995387,6.00902576291499,67.0209636017905,2.57270272122248e-10,1.10870368687243e-09
YJL106W,0.672786953798629,5.15136040339594,66.986136324562,2.59052584471996e-10,1.11559446320743e-09
YLR074C,-0.609367061911751,6.80684373637197,66.9006037339131,2.63484853741702e-10,1.13387930340754e-09
YJL158C,-0.531652138634513,9.83093409606197,66.8654059709928,2.65331780245735e-10,1.14102041186947e-09
YMR141C,0.71113818192342,4.10935008353306,66.7375137491413,2.72157545269946e-10,1.16954707836696e-09
YLR002C,-0.922604608643639,5.69452060461751,66.7127966129703,2.73497792287135e-10,1.17447711084489e-09
YDR479C,0.400689969086562,6.96477254125389,66.5926762027686,2.80110216858454e-10,1.20202444963589e-09
YLL032C,-0.461886568279203,4.84995019952168,66.5004772009675,2.85299041872246e-10,1.22293582839484e-09
YDL204W,-0.849358555458851,5.60003946681793,66.4989613237253,2.85385189206355e-10,1.22293582839484e-09
YKL107W,0.667833295981138,3.19938962956599,66.4943041543836,2.85650026622425e-10,1.2232092976759e-09
YDR190C,-0.398848853165375,7.93599047385638,66.4896063782027,2.85917433884654e-10,1.22349337917589e-09
YOR324C,0.441528299443506,5.36704146184414,66.4222163270531,2.89782393133048e-10,1.2391608307903e-09
YOL153C,-0.553266008244667,5.99825541714575,66.3216858915019,2.95649985471012e-10,1.26336387752184e-09
YLR196W,-0.738708253137424,7.48063718230023,66.3010953202428,2.96867052822738e-10,1.26767439749218e-09
YDL168W,-0.361019300207838,6.57391137751303,66.2925665224368,2.97372708083241e-10,1.26894314774651e-09
YNR022C,-0.35433727288556,5.4880503506015,66.237501141769,3.00659202538393e-10,1.28206814817528e-09
YPR026W,0.489367239637787,6.27055188719333,66.1862488805939,3.03752290228305e-10,1.29435062047566e-09
YOL157C,0.476192317093314,4.38892220955735,66.150044233879,3.05957315160583e-10,1.30283433362641e-09
YMR194C-B,0.67000135671768,4.26290750786466,66.126117849731,3.07423730212968e-10,1.30816321562651e-09
YNR038W,-0.685975746915282,5.26008707184888,66.0463442386833,3.12366335566672e-10,1.32826635354521e-09
YPL198W,-0.539688303421746,8.43583909782726,65.9673783487332,3.17340882830875e-10,1.34847714526946e-09
YOR044W,0.489060897721764,4.58258448976582,65.961522665154,3.17713056195842e-10,1.34911650171089e-09
YMR142C,-0.385173056132485,10.4046373409082,65.9372575647515,3.19260165158385e-10,1.35474065898799e-09
YKR079C,-0.787622406266068,5.36536464261141,65.7667891262783,3.30353767744541e-10,1.40083810224776e-09
YBL074C,-0.592587677727771,2.84404141557134,65.5869897307705,3.42492899681518e-10,1.45130173716019e-09
YIR041W,1.17852756389229,1.66263406673468,65.5573918007248,3.44535545463797e-10,1.45894140163341e-09
YIL171W,0.747717987536706,1.9123008033171,65.4317924995247,3.53346479657507e-10,1.49521093791094e-09
YDR004W,0.320525825221082,5.51335500623218,65.3257789632712,3.60966983516351e-10,1.52639617421612e-09
YJR042W,-0.322542342177543,6.46487040860207,65.2743385159386,3.64726454302541e-10,1.54122255168817e-09
YOL129W,0.368602837428169,7.75169568904691,65.191704895949,3.70851695686769e-10,1.56601843737265e-09
YPL270W,0.264481581973434,7.05655793769372,65.162917312647,3.73010796504787e-10,1.57404347900945e-09
YBR073W,0.299868335411089,6.83648499089609,65.0129534548939,3.84473056269733e-10,1.62128797463709e-09
YGR284C,0.316151919360513,7.0800101009256,64.8983149695647,3.9348365784723e-10,1.6581357742385e-09
YJR058C,0.458777149856263,6.28629625675656,64.8119183297741,4.00420389200257e-10,1.68619935521354e-09
YIL042C,0.612677720990239,6.65279261555734,64.7862737684968,4.02503923759832e-10,1.69380108995752e-09
YLR238W,0.433246198108663,5.47037244508465,64.7719265311485,4.03674536823605e-10,1.69755325264108e-09
YHR201C,-0.302123654535083,6.71723157002887,64.7136470202481,4.08466419323128e-10,1.71651806739035e-09
YOR077W,0.578253808405282,4.56425378268291,64.7015191007347,4.09471070362419e-10,1.71955242453783e-09
YLR448W,-0.517132856747485,8.34564464190943,64.664631383952,4.12542700855859e-10,1.73125678255717e-09
YLR096W,-0.40522550314613,6.75068922055856,64.593070543308,4.18570543329906e-10,1.75534235435043e-09
YDR298C,0.311343035768718,7.03707261775841,64.5376353725271,4.23303406002302e-10,1.77396778617356e-09
YDR194C,-0.653191917643593,6.66500334291583,64.533234243147,4.23681551893181e-10,1.77408186268115e-09
YGL087C,0.427883039964637,5.64484239617617,64.5305340629585,4.23913726924961e-10,1.77408186268115e-09
YDR087C,-0.559414137558569,6.12269367327931,64.4913646470714,4.27296730888571e-10,1.78701072677454e-09
YKR062W,0.321663244266718,6.26288486827965,64.3777742947127,4.37268134011994e-10,1.82745645292787e-09
YDR021W,-1.04933412034559,3.33976119006512,64.3428432992875,4.4038325436663e-10,1.83921215018596e-09
YML063W,-0.398581611490899,10.689210964096,64.3308199984101,4.41460850739941e-10,1.84244806361629e-09
YOL025W,0.32734049410524,4.9068426919549,64.2951370874535,4.4467523909068e-10,1.85459138441864e-09
YLR192C,0.336691386835672,8.68117182562918,64.2587558663882,4.47977768628615e-10,1.8670854260994e-09
YHR132W-A,0.41199746898529,6.24874400656962,64.2307731084915,4.50535387513251e-10,1.87645984463938e-09
YCR081W,-0.41333227766066,4.35004472533886,64.1959736657241,4.53737392819345e-10,1.88850344412155e-09
YLR038C,0.4709545350871,5.66764647118389,64.0553836420063,4.66918069462031e-10,1.94203448576655e-09
YMR175W,1.04047859103663,1.79622009524438,63.9549712207431,4.76576969746365e-10,1.98085441318759e-09
YER005W,-0.282057471201456,6.14124634334012,63.9428885256251,4.77753252334119e-10,1.98438808222056e-09
YPL088W,-0.745125156481147,6.40304450790892,63.913720567084,4.8060537307244e-10,1.99487291619768e-09
YFL034C-A,-0.61515189992415,5.81820383086137,63.9058346040855,4.81379540681993e-10,1.99672427065435e-09
YOR020W-A,0.523867906930655,5.76512549964621,63.8650830193716,4.854009944947e-10,2.01203341382851e-09
YJR124C,-0.40625153318092,5.55368219691569,63.8593586450828,4.85968698982428e-10,2.01301533921584e-09
YER086W,-0.29687549824623,8.20503867534144,63.8460203863848,4.87294195147876e-10,2.0171327737924e-09
YAL036C,-0.702018930389672,5.99140283202126,63.8415311140825,4.87741169701287e-10,2.01761048105529e-09
YDR367W,0.300875555805468,5.59922084470912,63.8378968314321,4.8810333155672e-10,2.01773693785506e-09
YLR169W,0.58450573201671,4.00840431144347,63.7453812038452,4.97418091659645e-10,2.05484663119412e-09
YGL007W,1.30730313466557,1.20936780922518,63.7266467396562,4.99326888667197e-10,2.06133250850739e-09
YJL133C-A,-0.769138094592997,5.33094981534208,63.6355668540144,5.08716612673569e-10,2.0986715851652e-09
YDL124W,-0.692640323300227,8.24190966872991,63.5841127766077,5.14102723862215e-10,2.11915318186839e-09
YDL017W,0.313517549038051,4.83294411186854,63.5814995873801,5.14377855319574e-10,2.11915318186839e-09
YPL115C,-0.292265566651886,6.24983907072478,63.4407134553261,5.29430857889301e-10,2.17969334929391e-09
YLR189C,0.355818775586244,6.67387582306935,63.3748823944223,5.36627150150211e-10,2.20782705115891e-09
YLR057W,0.398260203825366,5.50437917062519,63.3696764607848,5.37200586573898e-10,2.2086929522312e-09
YPR084W,-0.295091901607927,5.2547242349395,63.3614957733463,5.38102990192963e-10,2.21090931487115e-09
YDR060W,-0.942427075592183,7.01046343635585,63.3554027594484,5.38776135674758e-10,2.21218136678873e-09
YHL015W,-0.376713076878123,11.0480832612534,63.3467996058555,5.39728098505222e-10,2.21459573796647e-09
YLR383W,0.492561035646932,5.77569001449461,63.3100034627764,5.43819609578721e-10,2.22711832335138e-09
YMR264W,0.415487233717579,7.03049559926938,63.3097456416089,5.43848392033543e-10,2.22711832335138e-09
YER190W,0.467288015494945,6.15530593341808,63.3094801485764,5.43878032621225e-10,2.22711832335138e-09
YLL054C,-0.629457134920535,4.44025036845048,63.3016473030304,5.44753280818349e-10,2.2292022285001e-09
YGR192C,-0.726734104171144,14.7441887362871,63.2440699238972,5.51232451904148e-10,2.25419991252469e-09
YOR335C,-0.350204900835711,8.60575845217862,63.2271121441796,5.5315604865067e-10,2.2605470490526e-09
YDR459C,0.27731485755779,5.51141774886057,63.1989751811707,5.56363269299064e-10,2.27212784811061e-09
YJL003W,0.508653696640861,4.60274474555924,63.1853160364284,5.57927234477161e-10,2.27698673493865e-09
YGR014W,-0.318802717498387,7.26829864394433,63.1713127904558,5.59535377783812e-10,2.28201928539846e-09
YMR034C,0.650922365299325,4.46316384002823,63.1649300264341,5.60269988523816e-10,2.28348484940885e-09
YDR172W,-0.359321567947175,8.44312649537652,63.1513137259735,5.61840504428713e-10,2.28835305853328e-09
YDR305C,0.254939221716353,5.05624877840147,63.1311556796217,5.64174018379526e-10,2.29632033567854e-09
YPL183C,-0.776118559346488,5.47898289268163,63.1197167417935,5.65502710755079e-10,2.30018983619295e-09
YMR179W,0.493236199408591,4.94613495756539,63.0546265070738,5.73125896891042e-10,2.32964000172478e-09
YJL157C,-0.333253458282008,6.09393066749774,63.0466627160383,5.74065953416562e-10,2.33190342225619e-09
YOR224C,-0.321234050506827,7.02752463235055,63.0076325477281,5.78696524850033e-10,2.34914499914106e-09
YPL162C,0.3312481355277,5.05115051087391,62.89830377392,5.91876741884684e-10,2.40104664957887e-09
YOR116C,-0.562678511908065,7.00681923285755,62.8641648588871,5.96056477805293e-10,2.41639151728528e-09
YDR161W,-0.68237028409145,6.23640470060112,62.7757274858083,6.07028493767744e-10,2.45923327867958e-09
YDL105W,0.529077702866398,3.81542651024917,62.7673916499109,6.08073530232422e-10,2.46102917914341e-09
YGL237C,0.414996938420966,5.78551248348395,62.7657411492156,6.08280671393868e-10,2.46102917914341e-09
YKR060W,-0.930201363123677,3.78827666649514,62.7591077714832,6.09113919010457e-10,2.46276292171337e-09
YBR168W,0.469865484633918,4.83729956903623,62.6156789795189,6.27425943872878e-10,2.53511744254081e-09
YPL020C,0.527252996691365,6.2716196130689,62.593336499908,6.30329962483954e-10,2.54516112920694e-09
snR128,-0.978412191735279,2.51285760603894,62.5498489731917,6.36022783443437e-10,2.566444719664e-09
YOR385W,-0.81222120566659,4.32754444320754,62.5458570075027,6.36548050035446e-10,2.56686208380761e-09
YFR009W,-0.289983755277308,7.67984952373742,62.5325977785095,6.38295973574204e-10,2.57220595973446e-09
YGR200C,-0.668237877833306,6.37178916441651,62.4350404890098,6.5131215706634e-10,2.62292155906597e-09
YFL014W,-1.56439904702372,2.68732404469832,62.4251636297154,6.52645339391015e-10,2.62506259961253e-09
YPR102C,-0.31930370654269,10.0526937528853,62.4247102257294,6.52706608580733e-10,2.62506259961253e-09
YNL146C-A,1.0085236165136,1.88583142669081,62.3580458892798,6.61780924723885e-10,2.65979981964653e-09
YNR054C,-0.714147219126344,4.82402758874143,62.3420633791124,6.63976021432978e-10,2.66686078575556e-09
YHL036W,-0.917549582554937,5.34317081182901,62.3189643872186,6.67162000620438e-10,2.67788969246396e-09
YDR222W,0.572643716572821,4.10457311457387,62.3064228853293,6.6889851475948e-10,2.68308995537999e-09
YJR041C,-0.878410798503685,5.14723360604887,62.1458589595652,6.91553282626899e-10,2.77213552357357e-09
YKL008C,-0.374877018537121,7.14871192618241,62.135342890285,6.93064801191633e-10,2.7763655794938e-09
YOR097C,0.436300646892155,5.3513108555697,62.1199465062541,6.95284029549996e-10,2.78342323671824e-09
YLL026W,-0.993475098661205,9.75880853510659,62.0995572504468,6.98234383840875e-10,2.79339659807477e-09
YMR083W,-0.383505701565829,8.94021161386078,62.0165121754358,7.10387204573944e-10,2.84014858070463e-09
YMR254C,0.788833101557327,1.82968751322553,61.9508464862102,7.2015342441252e-10,2.87730373443873e-09
YDR127W,-0.34005922716797,8.14859682300602,61.911504712663,7.26071826679964e-10,2.8990466308055e-09
YDR186C,-0.369492296786026,7.36920462837774,61.8476657409243,7.35784076448542e-10,2.93589908537009e-09
YGR133W,0.310959455374031,4.65741891363224,61.7832014188436,7.45729573653924e-10,2.97363332613639e-09
YIR037W,0.41776974290956,7.47537881766951,61.7603949538674,7.49281752280339e-10,2.98453404141411e-09
YLR009W,-0.9969191329469,6.32728034172144,61.7593546188571,7.49444209577776e-10,2.98453404141411e-09
YDR379W,0.260182980653106,6.80121525201399,61.6956138511916,7.59468563487962e-10,3.02247626476406e-09
YDR449C,-1.02631280287827,4.35129140128614,61.6621729278909,7.64783782482486e-10,3.0416400760823e-09
YHR069C,-0.568962185310975,5.43962055487919,61.6209413205553,7.71390940488224e-10,3.06591369880525e-09
YKL125W,-0.733900047232164,4.85061330681049,61.5242259663988,7.87124669824729e-10,3.12640575449313e-09
YPR112C,-1.06957303171928,6.0594600868523,61.4775127384648,7.94843994901476e-10,3.15500698563306e-09
YDR079C-A,0.443105091198589,4.062237097006,61.4266590185739,8.03337707339449e-10,3.18664273087389e-09
YLR414C,0.770827713812598,8.35307853316046,61.3168870941761,8.21997645426372e-10,3.25853789734168e-09
YBL027W,-0.387368789852724,10.7697491322905,61.287559690035,8.27059381563088e-10,3.27646896927825e-09
YHR178W,-0.333141281724391,4.8383302902289,61.2616680980433,8.31555239116656e-10,3.29213638908578e-09
YMR036C,0.455054666834833,4.8926579526796,61.2388487202181,8.3553884517478e-10,3.30384044165981e-09
YBR230C,0.701762362341444,7.55913863357804,61.2385139045539,8.35597442845432e-10,3.30384044165981e-09
YBL056W,-0.263566053527077,8.27240213156302,61.1559691929353,8.50176093406824e-10,3.35929969375359e-09
YOL121C,-0.467280733800086,9.73708681705118,61.1192458058452,8.56747358950646e-10,3.38306792940602e-09
YIL053W,0.54476709492083,11.4129619733062,60.7024389085519,9.35169809572143e-10,3.69034260132717e-09
YGR210C,-0.419500683918346,7.3243337377069,60.5719242732137,9.61243532959966e-10,3.79077569543836e-09
YBL061C,-0.383739263410942,6.33824573898673,60.3577664212895,1.00568912211592e-09,3.96348336015245e-09
YHR199C,0.503099945131522,7.28752231689983,60.3246579682899,1.01275008592679e-09,3.98872768470194e-09
YNR026C,-0.280949027559113,5.86975836888502,60.2177024938456,1.03591703941024e-09,4.0773319436037e-09
YNL108C,-0.571094460337391,3.72501455761464,60.1671089223169,1.04706845882408e-09,4.11855951644767e-09
YLR129W,-0.959676700950082,5.99323544377341,60.1158494901547,1.05849488255624e-09,4.16081483227049e-09
YEL026W,-0.440917761389935,8.20985732523075,60.1058284480929,1.06074392359445e-09,4.16696370243528e-09
YDR373W,0.30257803290389,6.16779526386413,60.0852079804688,1.06538756698039e-09,4.18250538391981e-09
YAL035W,-0.44427870767927,9.00384151089193,60.0550976769919,1.07220654648646e-09,4.20656146703425e-09
YML115C,0.308150118720917,7.30758767844693,59.8955131333206,1.10911791322027e-09,4.34857119970704e-09
YEL029C,-0.460547011451489,4.55715853497161,59.7965687689566,1.13266944932593e-09,4.43805125508581e-09
YML058W,-0.459651981140668,7.39506998393541,59.5588566428071,1.19141709422863e-09,4.66523360256191e-09
YDL080C,-0.252597045310588,5.98275860125265,59.5361293586766,1.19719855103623e-09,4.68485735244723e-09
YDR496C,-1.07047611088096,6.2514233797892,59.3721038873683,1.23980480163097e-09,4.8484654356841e-09
YGL158W,0.617320747974269,5.50752663538214,59.312803879849,1.25559636378515e-09,4.90706735621879e-09
YKL172W,-0.741007980670608,7.45502524771101,59.0734124532664,1.32151893735222e-09,5.15909059550193e-09
YAL053W,0.427230237898432,8.89261234640961,59.0718628631147,1.32195727014097e-09,5.15909059550193e-09
YLR341W,0.842914905676605,3.01758262449027,59.069498581179,1.32262634823057e-09,5.15909059550193e-09
YDL190C,-0.264044569006819,6.92494667577889,59.044769234169,1.3296458957297e-09,5.18314879917695e-09
YGR109W-B,0.274140814479991,6.06792633481019,59.0229047733484,1.33588471984573e-09,5.20413477609557e-09
YBR240C,0.629200139862184,3.52017926096371,58.9046171915187,1.37017255856563e-09,5.33429303830571e-09
YOR051C,-0.455403515473647,7.23353379156322,58.8735846161876,1.37931963311984e-09,5.36647056747713e-09
YOR011W,0.372565105132841,5.70517833003667,58.8673456222561,1.38116632758596e-09,5.37022179128469e-09
YKL146W,0.335790837093242,6.87555369831666,58.8020376809258,1.40065307396614e-09,5.44251210414044e-09
YIL084C,-0.404709560214331,4.62022800691566,58.700555546176,1.43150673716525e-09,5.55885034821351e-09
YDR073W,-0.434850579615485,6.68694240932772,58.6868573698552,1.4357255874772e-09,5.57167742334105e-09
YMR104C,-0.410408309566555,7.41299625430703,58.6266388517977,1.45442704947099e-09,5.64065557427087e-09
YPL231W,-0.457043918138422,10.7683600257473,58.5799712580322,1.46909546840768e-09,5.69391460207691e-09
YNR012W,-0.72408301223063,4.72048718649062,58.499859273475,1.49463830631177e-09,5.78922603049467e-09
YDR123C,0.6078246777482,4.76903039019004,58.451610952485,1.51024572145733e-09,5.84595751594649e-09
YNL058C,-0.476400705337099,5.69601179639383,58.4434203787988,1.51291211309409e-09,5.84961072358967e-09
YBL069W,-0.320151651425053,4.90036944465812,58.4428065961665,1.51311212472147e-09,5.84961072358967e-09
YHR004C,0.202385520170698,6.56393358120496,58.4312529989345,1.51688223274037e-09,5.86046246744456e-09
YDR471W,-0.437310962641799,9.54059970673538,58.3536652802745,1.54245638668948e-09,5.9554867468309e-09
YBL015W,0.621997735508826,7.06602213531751,58.3470060230336,1.54467231897112e-09,5.9572310299536e-09
YKL017C,0.270527192916843,5.5451455359536,58.3464239822783,1.54486615698715e-09,5.9572310299536e-09
YIL170W,0.50650124603934,3.76293819950431,58.3116294883925,1.55650021729273e-09,5.99829247766073e-09
YHR047C,-0.296149418024697,6.73458228751776,58.2860225152304,1.56512086567231e-09,6.02769649849113e-09
YOR060C,-0.34517926488484,4.6439578376878,58.2794729955608,1.56733379487813e-09,6.03240110172893e-09
YJL048C,0.436251391365062,6.21919694696783,58.2107519845089,1.59075150632706e-09,6.11866176738318e-09
YDR320C-A,0.43876758342087,4.7942516906866,58.1827185505693,1.60040925008278e-09,6.14590399511005e-09
YPR163C,-0.526970920575869,8.87938071095686,58.181721618745,1.60075382940582e-09,6.14590399511005e-09
YDR499W,0.347652592912517,5.17792743324454,58.1814027357399,1.6008640644617e-09,6.14590399511005e-09
YML118W,0.437095634168436,4.50082580305895,58.0873879146157,1.63371332955253e-09,6.26806154497297e-09
YOR120W,-0.822672254325808,5.41547063442658,57.9850268403268,1.6702826004807e-09,6.40432868552303e-09
YLL035W,-0.701498584863685,4.12970555328178,57.9618353119841,1.67868641200037e-09,6.43249799560594e-09
YGR271C-A,-1.08980895010794,4.09836197748943,57.9249609286758,1.69213969068376e-09,6.4799685448777e-09
YNL147W,0.395908193421148,6.07253850221584,57.8641013933498,1.71459119132095e-09,6.56181597433207e-09
YLR003C,-1.1602438513932,4.3604186858631,57.7893956249367,1.7425777868238e-09,6.66229070023191e-09
YAR018C,0.298576823763966,5.28931826913064,57.7881861338025,1.7430348060426e-09,6.66229070023191e-09
YOR317W,-0.297815950550497,7.83508394498505,57.710056484748,1.77282443928814e-09,6.77074360744795e-09
YDL111C,-0.367648826306928,6.00317919957585,57.7079514363374,1.77363439774396e-09,6.77074360744795e-09
YJR132W,-0.447856893907577,5.92274966966316,57.7027802854989,1.77562574426237e-09,6.77409570773451e-09
YDL207W,0.26680722604263,6.58970503381748,57.6838183480106,1.78294780483896e-09,6.79776778975256e-09
YCR069W,0.331593669757634,7.67746269165147,57.6599163309992,1.79222251820488e-09,6.82885035897100e-09
YLR090W,-0.276320019485657,6.32366831371971,57.6318511046872,1.80317719735796e-09,6.86629114263027e-09
YJR050W,0.29752861414592,5.22108751470307,57.6285880293946,1.80445541278447e-09,6.86686128004598e-09
YMR186W,-0.40077238574322,10.4522255935989,57.5838760459278,1.82206591484786e-09,6.92954443240576e-09
YLR186W,-0.55055393276996,6.37780141288194,57.5697569326079,1.82766425395476e-09,6.94216236706042e-09
YBR253W,0.315010104526649,5.75913297293782,57.5697539835747,1.82766542514886e-09,6.94216236706042e-09
YPL212C,-0.623297324047785,6.48035383105263,57.4937034150313,1.8581314144572e-09,7.05348075918409e-09
YNL002C,-0.83978369502895,6.62621468478958,57.4691348042751,1.86808689812272e-09,7.08685085727977e-09
YGL068W,-0.404821273916203,4.61431653670815,57.4621945159932,1.87090928711909e-09,7.09313583309636e-09
YLR141W,0.602160997038595,5.25775933822651,57.3021535274482,1.9372465053061e-09,7.34006537035343e-09
YNL131W,-0.221293336177956,6.98807000769329,57.2787905705983,1.94713457317612e-09,7.37293956302222e-09
YIL110W,-0.39461147797262,5.20541031004027,57.233165937137,1.96659727073236e-09,7.44200521915822e-09
YOR162C,0.291397961971274,5.59994257601634,57.0844536918958,2.03146168768635e-09,7.68268761315814e-09
YPR184W,-0.767405644489211,6.4324823422264,57.0603504015916,2.04218409148927e-09,7.71844111597032e-09
YGR258C,0.410189527637406,6.45082595967045,56.8940124184497,2.11781425262417e-09,7.99931702496465e-09
YNL111C,-0.446173059597723,5.01271234826698,56.8404917518699,2.1427679230104e-09,8.08855013121483e-09
YNR016C,-0.358531870877579,9.570504370142,56.7970769829228,2.16323586220636e-09,8.1607502923284e-09
YBR151W,-0.272609212874284,7.35423509184814,56.7788494716254,2.17189015876421e-09,8.18832194304847e-09
YLL025W,0.67227741377171,3.01360163845073,56.7664453032548,2.17780029455543e-09,8.20551999527541e-09
YPL144W,0.424548392980291,4.31268191498946,56.7152652487081,2.20236437652677e-09,8.29293764304789e-09
YAL019W,-0.638239380023103,6.19968394468503,56.7120889873651,2.2038983649444e-09,8.29358166399917e-09
YBL050W,0.325239609718409,7.19036054226336,56.7022312705485,2.20866631713004e-09,8.30638723098657e-09
YLR298C,0.417142431316602,5.42286071829139,56.657319993573,2.23052595901207e-09,8.3834159731862e-09
YDR429C,-0.29601258675512,8.71986433713674,56.6351346929362,2.24140766976613e-09,8.41911461143637e-09
YNL239W,0.403782454762417,7.72396368479615,56.632147982143,2.24287686678537e-09,8.41943598666809e-09
YPL011C,0.303029962721672,5.57461393523399,56.5307332093953,2.29336708726773e-09,8.60366136006419e-09
YNL067W,-0.540750026426423,9.12299440342197,56.5008655666251,2.30846273283695e-09,8.65495731935481e-09
YER171W,-0.454125440390181,5.78864992845343,56.4248964556274,2.34732961047701e-09,8.79525903925652e-09
YPR104C,-0.426741826045901,5.659925989057,56.3944177939025,2.36311495551435e-09,8.84895661803373e-09
YDR451C,-0.421212145892359,5.093297533403,56.3448907886232,2.38900319515868e-09,8.94039633612581e-09
YKR092C,-0.644736147626863,6.35020300668473,56.325255837397,2.39934861286406e-09,8.97359330625557e-09
YIR025W,0.347007055254775,5.36700957743837,56.3075426534121,2.40872172085113e-09,9.00311527725989e-09
YBL055C,-0.31336696491733,6.37462050956923,56.2363959384469,2.44675769188538e-09,9.13966884906233e-09
YKL203C,0.316578239933201,6.88297708073837,56.173382581855,2.48097063728908e-09,9.26178302325402e-09
YNR009W,0.41857740890174,5.08020570816629,56.1051151813348,2.51860213674097e-09,9.39650153407038e-09
YLL058W,0.419670776784638,6.044541211115,56.0745667152393,2.53563467134206e-09,9.45425059749783e-09
YHR106W,0.30930047169635,6.20556862288995,55.9316378657814,2.61694304335635e-09,9.75143810093290e-09
YPL265W,-0.720389877704148,8.18505173948334,55.8757483815069,2.64947537164298e-09,9.86662034054316e-09
YKR002W,0.304687651837549,6.66671390012903,55.8130697129874,2.68646385581762e-09,9.99824621568821e-09
YPR115W,0.30002947423864,7.45060592629129,55.6934035021693,2.75859175609332e-09,1.02604100463495e-08
YGR085C,-0.315370455941716,9.34561060340016,55.6491174031035,2.78579640268209e-09,1.03552664082593e-08
YLR055C,0.452858413664917,7.11406991367026,55.6118425862478,2.80891175683376e-09,1.04348156534392e-08
YNL199C,-0.277380707395679,6.43217703687011,55.6043360109761,2.81359107797487e-09,1.04458216653307e-08
YGR007W,0.232035066806952,7.08243403470948,55.5803420577924,2.82860283526068e-09,1.04951513735129e-08
YMR022W,0.291999587883717,6.7155040189643,55.5266850677874,2.86247746015945e-09,1.0614366450378e-08
YNL119W,-0.86584242508343,4.36852500745067,55.4824369293,2.89073160029477e-09,1.0712607666135e-08
YLR211C,0.67865303514949,4.0535628420888,55.4710045876772,2.89807895361243e-09,1.07332991069578e-08
YEL077C,0.544354162634527,6.97736209779776,55.4613803989376,2.90427939887934e-09,1.07497202811319e-08
YDR003W,0.363092169124119,6.28057833133263,55.4509859407264,2.91099169929059e-09,1.07680148876494e-08
YBR172C,-0.517010299098958,6.54169116217205,55.4086767767818,2.93848122620959e-09,1.08630973642074e-08
YIL146C,0.399195540407066,4.42893737488787,55.3339059284904,2.9877287369951e-09,1.10384513446358e-08
YGR289C,0.424104731460287,6.20419443800987,55.3210910086848,2.99625561002827e-09,1.1063237492125e-08
YMR240C,0.364907056687689,5.01050575613019,55.2707524412325,3.02999761413814e-09,1.1181040316574e-08
YOR256C,0.260802543432631,6.65255344026451,55.2153780472661,3.06757511151504e-09,1.13128451839812e-08
YBR001C,0.268381424039733,6.56144270530049,55.0226036627477,3.20224467692841e-09,1.18023372859536e-08
YGL147C,-0.647917671569976,10.7030093132036,54.9629865616905,3.24513449374577e-09,1.19531739675805e-08
YLR248W,0.22345809412424,7.9681213740594,54.9547877745086,3.2510797547714e-09,1.19678283773648e-08
YDR013W,0.337966605663392,4.85783178059788,54.9000658423479,3.29105397617906e-09,1.21076562545644e-08
YOL021C,-0.420102875096528,7.03512339785716,54.8874009480635,3.30037877304343e-09,1.21346252773228e-08
YIL005W,0.40878916873523,6.60513521955899,54.7572747759859,3.39780487143863e-09,1.24852914509082e-08
YGL130W,0.215257597679803,6.1339772816171,54.7256259089618,3.42195275034146e-09,1.25664348134145e-08
YIL150C,-0.628794597862053,3.09007092452294,54.7054002904867,3.4374788172005e-09,1.26158375166858e-08
YDR200C,0.363207905230092,5.63743729795338,54.6400605883194,3.4881424171983e-09,1.27940606441541e-08
YDR516C,-0.741222847137486,10.0107380513417,54.6320767532541,3.49438637248568e-09,1.28092416123948e-08
YPR144C,-0.582824363942135,5.24422668099393,54.6031283245057,3.51712452645146e-09,1.28848300683065e-08
YDR465C,-0.538619061801197,6.90437013032293,54.5956296186152,3.52303976870407e-09,1.28987346525658e-08
YLL059C,0.62079620848941,2.31183478822733,54.4365279417828,3.65103076643441e-09,1.33593037966046e-08
YMR208W,0.209320927215799,6.82128050476536,54.3634955271278,3.71140401383263e-09,1.35720513366416e-08
YLR017W,-0.446548815876122,6.23861682474614,54.2500947790428,3.80722845490296e-09,1.39141051940448e-08
YIL106W,0.241770085222975,6.44849666724105,54.2317858833033,3.82294088029671e-09,1.39631424109277e-08
YER180C-A,-0.551387284412026,2.92049991232621,54.2074426522164,3.8439371054021e-09,1.4031408090205e-08
YJR110W,0.342296785293563,5.81301017138746,54.1692411954085,3.8771299046848e-09,1.41440860131937e-08
YBL041W,0.347890486441638,8.57273590891703,54.1422860049024,3.90073144811156e-09,1.42216601927854e-08
YGR084C,-0.309916958864129,5.68918139426602,54.10270344415,3.93566232276963e-09,1.43404222958402e-08
YER038C,-0.668238529982712,3.55217469411009,54.0740202065691,3.96117930887875e-09,1.44247612773951e-08
YNL190W,-0.328702509516494,8.13001447182249,54.0673575524522,3.96713124810846e-09,1.44377952420694e-08
YFL061W,0.444134233931719,2.97593294157174,54.0585201589724,3.97504039515395e-09,1.44579323398158e-08
YDL067C,0.419062569548751,6.00685297229442,54.0051525896747,4.0231546492263e-09,1.46241911831195e-08
YPL096W,0.237910815440282,5.86807515959968,53.988747863166,4.03806677794361e-09,1.46696336380817e-08
YOR177C,0.532836973228522,2.7118074487444,53.9400963055118,4.08263302492943e-09,1.48226861316799e-08
YJL033W,-0.974880247786349,6.20643186771489,53.9266322867075,4.09505722476498e-09,1.48522205442795e-08
YOL013C,0.225086310875381,6.75005859311859,53.925991712282,4.0956493136074e-09,1.48522205442795e-08
YOR221C,-0.358977074978637,5.93099383120701,53.8422389963042,4.1738400368672e-09,1.51267520097301e-08
YLR011W,0.519392331181047,5.21229822834698,53.8273289042953,4.18792306304323e-09,1.51687570467965e-08
YKL124W,0.29559273152002,5.56524979694801,53.7709952231726,4.24158261834933e-09,1.53539739635072e-08
YDR321W,-0.323835872270772,7.3783006031496,53.7519031891792,4.25993129189922e-09,1.54021959979986e-08
YOL098C,-0.319833592585497,7.1862703903955,53.7493864698739,4.26235621374942e-09,1.54021959979986e-08
YBR167C,0.299324039171949,5.02786320144401,53.7492397495144,4.26249762705499e-09,1.54021959979986e-08
YFR024C-A,0.379557495877443,7.93873203162941,53.6838480537107,4.32601566599996e-09,1.56224363962076e-08
YHR026W,0.241405838773279,8.45526869459156,53.5974632042995,4.41144843558826e-09,1.59215087369837e-08
YOR293W,-0.521662854399297,10.1257305974784,53.5377510921145,4.4715337021414e-09,1.61287982083761e-08
YJR104C,-0.673718282473929,10.9602245956177,53.5187570120548,4.49082562714103e-09,1.6185634621811e-08
YJR123W,-0.427710211372786,11.804865817811,53.5170036950817,4.49261082600474e-09,1.6185634621811e-08
YAL049C,0.347885585446259,6.48265134855281,53.5098034369435,4.49994980685538e-09,1.62024819968728e-08
YGR145W,-0.751214570138336,6.41800229016238,53.4843982392244,4.52594491243147e-09,1.62864428102576e-08
YGL183C,1.31299615395482,0.795283948727008,53.4808465992989,4.52959152916637e-09,1.62899317109795e-08
YMR116C,-0.513591301602735,11.6549906097588,53.4676595255295,4.54315818671461e-09,1.63290712145059e-08
YJR141W,-0.291380273338255,4.94046719364708,53.4282555145006,4.58395051349187e-09,1.64659615552527e-08
YDR182W-A,0.750805231247608,1.53582879002668,53.3859388180439,4.62818550503203e-09,1.66150494384188e-08
YNL188W,0.610798215039236,5.42644767035168,53.3779546666522,4.63658159336652e-09,1.66353767662944e-08
YAL034W-A,0.385769842395204,4.01046282157311,53.3661318859945,4.64904366726505e-09,1.66606370217203e-08
YGL083W,-0.288470490189176,5.71075444923351,53.3660803613373,4.64909805470518e-09,1.66606370217203e-08
YDR218C,0.961498312904051,1.34174192854031,53.3339029917984,4.68319371033578e-09,1.67729451014675e-08
YDL045C,0.288140772068655,6.06789291239388,53.3034160259053,4.71573978508806e-09,1.68795744660358e-08
YMR239C,-0.996439500242134,4.28713479268141,53.0511827489951,4.99426684765631e-09,1.78660280822979e-08
YKL067W,0.42466706480894,7.94727268562059,53.0465378113594,4.99955462891641e-09,1.7874435908905e-08
YHR137W,-0.679189538497045,3.92765998688525,53.0274198610013,5.02138023247701e-09,1.7941925258146e-08
YBR112C,-0.412515598565964,8.12998045645096,52.9037027265019,5.16505263975349e-09,1.84444514747066e-08
YER066C-A,-0.80695192135291,4.59116247123824,52.8777988121503,5.19567603905047e-09,1.8542925922359e-08
YMR301C,0.327222218562964,6.53320253975319,52.8300280948957,5.25264981678173e-09,1.87352720604436e-08
YBR212W,0.464532637082657,8.25561202976774,52.7272630352331,5.37744126061113e-09,1.91691447397884e-08
YAR035W,0.954229851073766,5.3156763091379,52.6819905850823,5.43339868122384e-09,1.93572780885522e-08
YML071C,0.244111112163723,6.41858381314935,52.6411055909894,5.48445713772802e-09,1.95277482054271e-08
YNL283C,0.500948583552411,7.5699717648276,52.6360541637407,5.4908002989695e-09,1.95389004790815e-08
YPR080W,-0.484991015517669,13.2381668154992,52.5735241480381,5.56995946078162e-09,1.98030348644675e-08
YDR237W,-0.264978646965317,5.58971393714282,52.572288378467,5.57153585669161e-09,1.98030348644675e-08
YEL068C,0.416600081382785,4.57635507162085,52.4986752862779,5.66628745775179e-09,2.01280555635841e-08
YOL135C,0.403689417262621,5.02529254278417,52.4913681878982,5.67578445591622e-09,2.01500282463537e-08
YKR051W,0.258384617850848,6.25959670966,52.3784892049161,5.82462906974969e-09,2.06663952708028e-08
YNL309W,0.438482969559607,5.6039250774144,52.3101964140338,5.91666078810138e-09,2.09806998226089e-08
YBL051C,-0.355149048637277,7.18559087516428,52.2027321788513,6.06457570873078e-09,2.14926867720599e-08
YOL019W,-0.363956825682176,6.22840588006982,52.1776757815427,6.09961703652778e-09,2.16042896782721e-08
YBR180W,-0.722941827026823,1.97063162978588,52.1640286885491,6.11879159053857e-09,2.16591308329751e-08
YDR062W,-0.391353429244924,7.84735158190479,52.1615937365188,6.12221939732411e-09,2.16591308329751e-08
YKL180W,-0.282066632564695,10.2570168123546,52.0957997251282,6.21560627330442e-09,2.19767368814976e-08
YPR135W,0.273310806008718,5.77203235362939,52.0472010372645,6.28554348403128e-09,2.22111103950815e-08
YPL190C,-0.317522278878703,7.55503985669503,51.9916871599879,6.36644148834908e-09,2.24839213329101e-08
YJR064W,-0.406910218583908,8.18290799867114,51.9738340034025,6.39268922268638e-09,2.25635231554795e-08
YBR271W,-0.728595896742347,4.61395907451896,51.9080913838709,6.49032512956491e-09,2.28948570512478e-08
YGL044C,-0.240777292328631,5.95503229006045,51.9020979614574,6.4993034286955e-09,2.29132452859862e-08
YFL057C,0.39719484068511,4.4035982575587,51.867148312228,6.5519185705304e-09,2.30853645058932e-08
YPL184C,0.196415504897377,7.35933244898789,51.8478126883106,6.5812189428064e-09,2.31751836035746e-08
YDR119W,-0.387453200609963,6.41806468770451,51.8419745645957,6.59009272650197e-09,2.31930099715237e-08
YOL090W,0.294666476071645,6.18976858126534,51.7889122251873,6.67132273013316e-09,2.34653172328672e-08
YFL030W,0.643495935727234,5.15644184449665,51.6836032576974,6.83565461158196e-09,2.40294386548101e-08
YAR002C-A,0.251863538344881,7.54304760653661,51.6131084539986,6.94802398528569e-09,2.44103498559258e-08
YLR449W,-0.504658073909237,8.06596705580878,51.6089949357152,6.95464040838186e-09,2.44194961829219e-08
YGL036W,0.333548951585615,7.18059721857354,51.5316753199868,7.08024092936359e-09,2.48461741956041e-08
YMR310C,-0.682021275264028,5.0101065738174,51.527757756758,7.08666762930979e-09,2.48543933857925e-08
YGR070W,-0.414663251344925,6.33912437968851,51.5008668025956,7.13094700374080e-09,2.49952837083887e-08
YEL045C,-0.962258837201927,3.7397790442455,51.4647867090646,7.19081306081977e-09,2.51906145510007e-08
YNL014W,0.404908384019366,4.30330459877779,51.4240159913456,7.25909589465267e-09,2.54151890212667e-08
YDR432W,-0.321933563532807,8.44004037727206,51.3841221045867,7.32656765407262e-09,2.56366671506796e-08
YGL003C,0.315126715693912,6.52727845204861,51.3668465391462,7.35598893551418e-09,2.57248233750597e-08
YDL180W,0.231630360626592,6.15577862009969,51.3531016390785,7.37948565148523e-09,2.57921712747201e-08
YPR181C,-0.225796438282801,8.53277367231436,51.3128455093211,7.44875618303877e-09,2.60193348873656e-08
YPL104W,-0.273692182280869,5.37124441645993,51.2824972468174,7.50142774632647e-09,2.61882890627634e-08
YNL121C,-0.437449027733514,7.4063916015301,51.1846340667361,7.67394890346068e-09,2.67752173609852e-08
YMR115W,0.307933762014046,5.80536582071812,51.1568352015779,7.72370899914873e-09,2.69333921259714e-08
YJL039C,-0.46788941813858,6.49034204806076,51.1133670634162,7.802195463889e-09,2.71915002278148e-08
YHR171W,0.331192773837423,5.38876269034707,51.0342104118528,7.94727409851231e-09,2.76812609556081e-08
YER142C,0.478596839015273,5.45684049520755,51.0217987658009,7.97027716758504e-09,2.77455014672511e-08
YBR011C,0.417196584579884,10.3408247815541,50.9647658709131,8.0768785947252e-09,2.81005181526031e-08
YOR312C,-0.300635084908797,9.96624091257132,50.955168389154,8.09496371248168e-09,2.81473452516863e-08
YDR492W,-0.633966160076194,6.65513432223299,50.9168991622965,8.16749944497704e-09,2.83833433025044e-08
YLL017W,0.402884273734292,3.38544022170977,50.9027682363862,8.19445506006382e-09,2.84607642925162e-08
YMR053C,0.383427927732631,5.52484825093478,50.872948121859,8.25164493939499e-09,2.86430458963026e-08
YNL206C,0.281775513434482,6.31980499897397,50.8032800110555,8.38689135088727e-09,2.90959144071545e-08
YLR005W,0.217568196601766,6.25430467029945,50.7917886836785,8.40942148821456e-09,2.91574528522995e-08
YDR428C,-0.403390004856205,4.99017159074721,50.7808093382491,8.43100703085934e-09,2.92156479400792e-08
YNL039W,0.257925795192264,6.49056909168128,50.6532470501512,8.68609213023148e-09,3.0082453393545e-08
YDR232W,-0.418897695600449,7.66956969574207,50.6465534654893,8.69969839473314e-09,3.01124372764227e-08
YGL020C,0.187937150232017,6.92108294640207,50.6249486712655,8.74376762869706e-09,3.02477691987616e-08
YGL157W,-0.307772371859231,7.08876687741072,50.5991372691246,8.79672409901373e-09,3.04136739446014e-08
YAL001C,0.331000892575394,5.96817596453233,50.3878887434665,9.24296474743964e-09,3.19383534856162e-08
YNL110C,-0.842231755800834,5.87637937371795,50.2607127488251,9.52298555437981e-09,3.28872685007952e-08
YLR159C-A,1.19173356235529,0.710689045835877,50.2039113397146,9.65090950382057e-09,3.33101442602088e-08
YLL003W,0.377392259061026,5.50748105474482,50.1971431382875,9.6662718883925e-09,3.33442542181794e-08
YGL160W,0.277215672740465,5.9705826317922,50.1778933628311,9.71010494642829e-09,3.34764807926437e-08
YLL001W,0.237094809200641,6.45272499166,50.0998227455731,9.89002217780484e-09,3.40774546726741e-08
YDL115C,0.379413096915783,5.82943354363263,50.0584534664198,9.98677125828007e-09,3.43913430145072e-08
YLR073C,-0.956252987620692,2.52299024433368,49.858687815044,1.04681033183012e-08,3.60285117035424e-08
YBR022W,-0.433426142313769,4.69031723604021,49.8093713863992,1.05906290414224e-08,3.64296086585953e-08
YHR097C,-0.479808438694765,7.62972880334977,49.7742376528014,1.06788335284397e-08,3.67122610285624e-08
YLR150W,-0.450481776468232,11.0754204821744,49.6359820073182,1.10334686617661e-08,3.79100264296142e-08
YBR118W,-0.483075222345128,13.9913100972584,49.5913876099676,1.11504695101955e-08,3.82904102536906e-08
YKL099C,-0.765115576914324,5.07426170046927,49.5654038353657,1.12192406554528e-08,3.85048389105641e-08
YER136W,0.214792471001766,8.28970572859465,49.5494513129278,1.12616820464976e-08,3.86123464130901e-08
YCR094W,0.201519563003711,5.6747012835657,49.5488607885379,1.12632563489293e-08,3.86123464130901e-08
YGL005C,0.306171061447084,5.48167553527233,49.5322469077917,1.13076425314862e-08,3.87426828851879e-08
YML125C,-0.325995185343404,7.67119279021335,49.434880310873,1.1571479028182e-08,3.96243387093345e-08
YDR404C,-0.191399643874688,6.49499465870184,49.4225822556922,1.16052589958486e-08,3.96973527352945e-08
YJL076W,-0.444610757089629,6.92683218201668,49.4223678286574,1.16058488933589e-08,3.96973527352945e-08
YKL034W,0.257246828654125,6.39785523109936,49.4098034315304,1.16404689419845e-08,3.97934008494247e-08
YMR230W,-0.429420122246001,9.23631421879236,49.367753789127,1.17571215886008e-08,4.01696153097339e-08
YBL022C,-0.258600884499584,7.54422738539702,49.3542544181941,1.17948301266933e-08,4.02758368804315e-08
YER039C,0.605319950586518,3.36421831511519,49.3496913516906,1.18076050138311e-08,4.02968460511287e-08
YJR046W,-0.333206497468634,5.97235252112802,49.3404075569773,1.18336409292575e-08,4.03630633713745e-08
YDR153C,0.246056666681227,6.7767158290332,49.2938376388324,1.19651539843838e-08,4.07887742268768e-08
YHR032W,-0.578079495026025,7.23251395207886,49.214127378941,1.21938189102668e-08,4.15450101170066e-08
YPL053C,0.219217843079467,7.01209143594314,49.1950903711653,1.22491043914263e-08,4.17100169120477e-08
YER141W,-0.228176358717219,7.30658403074865,49.1851242524322,1.22781516663103e-08,4.17855441216433e-08
YNL237W,0.308476089772491,5.64555808454631,49.1698482803242,1.23228151468586e-08,4.19141029450165e-08
YNL073W,-0.302799612156316,6.96273342212457,49.1524067843904,1.23740182202142e-08,4.20647490893873e-08
YKL166C,-0.542669277704104,4.93942873739924,49.1026659549104,1.25212699332504e-08,4.25415564175482e-08
YGL215W,-0.308779476708348,7.1508421349948,49.0387488591353,1.27131875178397e-08,4.31695011417717e-08
YOR332W,0.400832036358761,7.93624772545513,48.9983017171032,1.28362234356442e-08,4.35629780289429e-08
YGL010W,0.445039171689031,4.79908768852553,48.9768366683336,1.29020236687244e-08,4.37618807269723e-08
YHR132C,0.307127995586631,7.90684612559377,48.9296858330651,1.30478057963784e-08,4.42316982010934e-08
YBL060W,0.310204189551803,5.25973564040836,48.9153149007506,1.30925803872539e-08,4.4337529379763e-08
YER109C,0.28298535120885,5.89275149597628,48.9149890704508,1.30935974191346e-08,4.4337529379763e-08
YKR090W,0.197739972399698,6.45736055379941,48.9014719620292,1.31358620956156e-08,4.44516382874066e-08
YHR192W,0.242999082609306,6.26251964075323,48.8995427587747,1.31419058798758e-08,4.44516382874066e-08
YDR201W,0.379649095503612,5.15809664137866,48.8772232600496,1.32120402313227e-08,4.46640360042215e-08
YBR213W,0.447986769688086,4.40537929694405,48.8352111062872,1.33451199312421e-08,4.50888699509208e-08
YOL073C,0.336234566868101,6.3864090691332,48.832733627368,1.33530114099793e-08,4.50904963538979e-08
YGL016W,-0.461017362354878,5.19484682558163,48.7853496350814,1.35048871824398e-08,4.55780579618116e-08
YJL211C,0.880284550437217,3.05511414051764,48.7210881284365,1.37137548911595e-08,4.62573162487283e-08
YPL032C,-0.243024781817392,7.21423107427194,48.7146156557637,1.37349789267669e-08,4.6303239207411e-08
YML043C,-1.30147474177769,2.98680300899695,48.6873502627864,1.3824763861149e-08,4.65801152243031e-08
YLR355C,-0.479921831825695,9.83423393855881,48.6453823272277,1.39641672683236e-08,4.70237730092692e-08
YCR065W,0.379573113366878,5.34753861432157,48.636560762365,1.39936563188914e-08,4.7097012555561e-08
YDR347W,-0.241234514297783,6.37523360104034,48.6282309845053,1.40215612688274e-08,4.71648426317384e-08
YMR315W-A,0.959111780949574,1.20799479995877,48.5546111663111,1.42707374575411e-08,4.79764847674792e-08
YNL189W,-0.313212331721478,7.25872482357467,48.5150907051576,1.44064084004249e-08,4.84058504232941e-08
YKL121W,0.308117479621036,5.63303015723204,48.4379739881385,1.46750483894667e-08,4.92812745308525e-08
YNR006W,0.257404925305219,6.97486584335365,48.4355883265188,1.46834421390502e-08,4.92822644324988e-08
YIL038C,-0.331474800528239,6.55013534750058,48.4309632149326,1.46997295296382e-08,4.93097321873477e-08
YGL047W,0.565470868777538,5.80508173863887,48.3658957525832,1.49308814548918e-08,5.00575281834801e-08
YKL021C,-0.40928153850444,6.51519677398535,48.2696684585762,1.52797298733397e-08,5.11988746031234e-08
YKL061W,0.463650938566384,4.48962733143315,48.2447423687907,1.53714778899022e-08,5.1477954298324e-08
YHL003C,-0.218053779820579,6.97865455633744,48.2056436407026,1.55165565432741e-08,5.19352291341161e-08
YFL008W,0.552715956171105,6.12189440287265,48.1949660198555,1.5556425377163e-08,5.20400486091461e-08
YGR245C,-0.744518791827014,7.41401031082161,48.1527456249417,1.57151245232418e-08,5.25420509472124e-08
YNL030W,0.295498247876376,9.84286684470992,48.1102106782161,1.58767212404353e-08,5.30531843756446e-08
YLR221C,-0.51519682302164,6.28854400806079,48.0779204735748,1.6000558038704e-08,5.34376485540691e-08
YOR369C,-0.470431479014025,11.7050631073932,48.0533109193699,1.60956176252365e-08,5.37256353535733e-08
YNL133C,0.634188031734395,3.59456783090944,48.047250649396,1.61191173218453e-08,5.37745772496868e-08
YDL031W,-0.796232771796691,6.46549525865288,48.0001657058871,1.63029254430925e-08,5.43579733266947e-08
YER125W,-0.256382272447622,7.71195698700645,47.9602632375002,1.64604129744505e-08,5.48530191399404e-08
YPL177C,-0.439225077625215,6.41408534547309,47.9035920634562,1.66868267915133e-08,5.55770886843779e-08
YOL067C,-0.545685572041543,4.90150926629328,47.8344874619324,1.69673356673771e-08,5.64804362888347e-08
YPL264C,0.454698781520643,3.95403643374688,47.791611691168,1.71438551932933e-08,5.70368282401255e-08
YKL103C,0.708746295737291,7.78347614596329,47.7510417647147,1.73126527994976e-08,5.75669356748323e-08
YNL096C,-0.458032845359516,8.20194023822026,47.728448688499,1.74074085106127e-08,5.78503991191033e-08
YDL200C,0.412573222104246,4.2467758940638,47.6606774922446,1.76949137212425e-08,5.87737718306552e-08
YLR172C,-0.2570822281614,7.18894905888259,47.6459719443426,1.77579529486258e-08,5.89509785555854e-08
YFR012W,0.967918359366381,1.15453725386454,47.6060359623006,1.79303385442153e-08,5.94907906442475e-08
YMR281W,0.267115473607163,6.04040064847076,47.5470298527193,1.81882555899205e-08,6.03136431960035e-08
YLR457C,0.593616640137979,3.7573911869856,47.5013757884441,1.83904750595416e-08,6.09510025802347e-08
YGL081W,0.547463972969397,3.07799336638207,47.4840508387478,1.84678289854108e-08,6.1174055185751e-08
YEL064C,0.272293849338646,4.76092971455443,47.4783416541892,1.84933944223382e-08,6.12254108051838e-08
YNL142W,0.406261210479812,5.03304031090511,47.4659375405122,1.8549067227882e-08,6.13763317464176e-08
YLR439W,-0.30990274661136,5.76520411300906,47.4289246244496,1.8716236201297e-08,6.18958137417892e-08
YLR388W,-0.388054691811975,8.69268641284539,47.3714129277372,1.89791253171929e-08,6.27311121972401e-08
YDR086C,0.289474523565407,7.58666061230242,47.341555869674,1.91171256548402e-08,6.31529368130851e-08
YKL156W,-0.350296369656769,7.10683751019008,47.3368098137736,1.91391586966023e-08,6.31914165321895e-08
YBL075C,0.251162602847722,5.54895903449092,47.3324741684095,1.91593096956168e-08,6.32236439792994e-08
YDR116C,-0.290330599672278,5.97318016648245,47.3001637135056,1.9310182147468e-08,6.36869693047929e-08
YKL002W,0.259077825933268,7.10021230026503,47.2367873403837,1.9609740634587e-08,6.46399088631971e-08
YAL037W,0.579303966773799,2.99094946932154,47.1867288582063,1.98497883655449e-08,6.53957564723013e-08
YPR063C,0.429185591297553,7.54647043304359,47.140939911973,2.0072057443553e-08,6.60922454242532e-08
YLR194C,-0.948805919650629,8.84461038865454,47.1108378967857,2.02195976038485e-08,6.65420505242933e-08
YPL047W,-0.292753151787577,4.46074866142217,47.1035779650683,2.02553506818152e-08,6.66236804858623e-08
YBR162C,0.247114283896263,10.0098364603431,47.0200066762661,2.06717156135963e-08,6.79564503018548e-08
YKR094C,-0.374960710967282,10.1503137357538,47.0020931276007,2.07621244554415e-08,6.82168074035431e-08
YBR028C,-0.389099984187204,5.58699661924439,46.9642245347396,2.09546110726902e-08,6.88120930260766e-08
YFR031C-A,-0.419922904094356,10.9231283515815,46.9569585670791,2.09917572931538e-08,6.88968948915e-08
YCR016W,-0.622326691249859,5.53224171351317,46.9253988478363,2.11539038866127e-08,6.93916469811529e-08
YGL099W,-0.514914376848599,6.5800335317154,46.8933759665696,2.13197712664685e-08,6.98980647394724e-08
YMR216C,-0.251385976407033,6.52945825211928,46.8315573781317,2.16438341349353e-08,7.09223105606253e-08
YDL076C,0.254624691379442,6.14503290887728,46.8243027302771,2.16822009482461e-08,7.10097915877706e-08
YDR454C,-0.261408657048317,7.6638710866166,46.7865795159192,2.18828545988519e-08,7.16283863550369e-08
YDR382W,-0.375629344714469,10.6317763504842,46.7793653962594,2.19214482355878e-08,7.17161357599741e-08
YPR073C,0.307508645805342,5.74850168095762,46.7414669796417,2.21253688870321e-08,7.23443684457766e-08
YNL061W,-0.5350638417703,7.33457052792441,46.7338703653758,2.21664825801254e-08,7.24398745972412e-08
YEL012W,0.536828799793275,6.78036905856857,46.7171220980892,2.22574088961374e-08,7.26979780638733e-08
YDR171W,-0.583032275554934,8.82154996911163,46.5798674427402,2.3017443401341e-08,7.51400982280902e-08
YOR033C,0.295336763018249,6.12417024168038,46.5056199525314,2.34398636292922e-08,7.64780537180927e-08
YGL241W,-0.287253541032643,5.50421942875496,46.5020457911887,2.34604019910958e-08,7.65040440063333e-08
YOL016C,-0.940247817817642,8.6400080638905,46.4721270990432,2.36330660283526e-08,7.69968657930426e-08
YLR255C,0.828011327808611,1.37820101186595,46.4714764561541,2.36368357109948e-08,7.69968657930426e-08
YCL024W,0.543495783865967,4.26804920789995,46.4551266170994,2.37317701202222e-08,7.72647518360363e-08
YMR169C,0.308780339885737,5.04611072633142,46.4236605273983,2.39156016372848e-08,7.78216235095603e-08
YDL148C,-0.816518969343922,6.29680413775192,46.329131985737,2.44768806986521e-08,7.96054618125591e-08
YDR052C,0.456462868641921,6.39162104106297,46.3256920132121,2.4497564414207e-08,7.96301706519495e-08
YER015W,-0.470337722798461,4.843956525688,46.1986727207132,2.52742600523128e-08,8.21109836723565e-08
YJR153W,-0.508351819434916,3.40453558740615,46.1936946511381,2.53052200494311e-08,8.21676969054367e-08
YCL061C,0.427261685691942,5.33978860464147,46.1840301325371,2.53654398294849e-08,8.23193073932882e-08
YKR081C,-0.6253728053252,6.53841103832403,46.166905277008,2.54725139491547e-08,8.26227331453127e-08
YOR029W,1.03601501264296,1.3901171853928,46.1573640205583,2.55323764223632e-08,8.27338013999627e-08
YDL153C,-0.639710525793124,7.02567415127958,46.157113705804,2.55339488955021e-08,8.27338013999627e-08
YDL081C,-0.329186083692674,10.0214983787155,46.1514164899315,2.55697661479309e-08,8.28057621129108e-08
YAL032C,0.328963865462786,6.23153921180304,46.1130564031125,2.58123022259669e-08,8.35467335345791e-08
YJR094C,0.633018312321964,3.65356420527816,46.1035902765402,2.58725227218452e-08,8.36971295919342e-08
YKL176C,-0.25070402790912,6.48870906676077,46.0921637566352,2.59454106684014e-08,8.38883230165902e-08
YMR172W,0.291343094437059,5.77006382450658,46.0768204473064,2.60436215951773e-08,8.41611457284409e-08
YMR098C,0.298879997380233,5.24079399269936,46.0445689499248,2.6251331487685e-08,8.47873418803413e-08
YIL018W,-0.432761157543053,11.5623823741471,46.0011041146402,2.65340071228199e-08,8.56548717996599e-08
YHR146W,0.480008247714539,7.84205930969214,45.9338967053939,2.69773855320189e-08,8.70399739991173e-08
YOR066W,0.318893892509724,5.38279454925172,45.9242386141518,2.7041736363979e-08,8.72013597110823e-08
YGR257C,-0.264820720066925,6.59686783238989,45.8958813279729,2.72316085105012e-08,8.77671280648304e-08
YAL011W,0.29019772247057,5.63417513024072,45.8903384317904,2.72688849749882e-08,8.78407438183184e-08
YPR128C,-0.22539746986731,5.46176442188389,45.8690378650829,2.74126311463855e-08,8.82570690612466e-08
YGL070C,-0.312461448322417,5.53386281947745,45.8540783232366,2.75140593305808e-08,8.85367800246347e-08
YGR250C,-0.280253686002593,7.42918177268488,45.8262026112668,2.77041112275328e-08,8.91012245346391e-08
YGR125W,0.187514525049064,6.58970025880969,45.7676144063742,2.81080509351642e-08,9.03526095829236e-08
YPR017C,0.288070793222888,5.03747323481441,45.75576282036,2.81905097595846e-08,9.05698267619179e-08
YGL204C,-0.44296010421364,2.68858367037344,45.7094908479658,2.85148858191594e-08,9.1563630717459e-08
YML096W,-0.334287918474344,5.05125997840848,45.6988624828265,2.85899434004269e-08,9.1756226577847e-08
YOR374W,0.656697957879994,10.1781908259742,45.571038299965,2.95090213064791e-08,9.46559803109781e-08
YNL123W,-0.434843584480519,6.5639803108324,45.5358643413738,2.97673193992589e-08,9.54342141962542e-08
YEL015W,-0.177977290665253,7.05305578965958,45.5027675840346,3.00125263324978e-08,9.61696802176141e-08
YGR152C,0.285930865271254,5.17909864556044,45.4748772468244,3.0220802228415e-08,9.67860955578447e-08
YKL133C,0.478865931962107,4.89611716780403,45.273571230805,3.17697100177324e-08,1.01693153844241e-07
YKL137W,-0.341163110536994,4.69670432858826,45.2650117907601,3.18373836822595e-08,1.01856193326261e-07
YGL101W,-0.333978400548104,5.1725294049461,45.2184618013924,3.22080752346643e-08,1.02987986233806e-07
YCR004C,0.350648749516601,8.25771345141009,45.2096493383828,3.22787589115404e-08,1.03159794105422e-07
YBR094W,-0.301084647681844,5.5925830086901,45.2046698864853,3.23187702937609e-08,1.03233447368785e-07
YIR026C,-0.395274584057402,6.51228269104786,45.131652815559,3.29114867184714e-08,1.05071561742864e-07
YLL002W,0.301385841700153,4.64127067736994,45.1247994836847,3.29677000589238e-08,1.05195833696146e-07
YNL304W,0.39380998291197,5.17993062551515,45.1039788769085,3.31390953037879e-08,1.05687313901231e-07
YLL062C,0.679474454544214,4.02817983517986,45.1007119924951,3.31660728824387e-08,1.05717943158533e-07
YPL240C,-0.56888759005448,7.71072269153351,45.0968118691696,3.31983098018198e-08,1.0576529588695e-07
YPR029C,-0.212141728306395,6.96829731955269,45.0278383987524,3.37738722080161e-08,1.07542654309669e-07
YBL028C,-1.00744115843835,4.51984634829198,45.0086066150683,3.39362117692684e-08,1.08003058899581e-07
YPL132W,-0.408701265784223,4.74917190926266,45.003766665515,3.39771953786599e-08,1.08076964913301e-07
YPR132W,-0.32262733481,10.3376378116114,45.0015946133935,3.39956046774514e-08,1.08079025319902e-07
YPL117C,-0.368073049695842,7.00003639423647,44.9755382469332,3.42172623474991e-08,1.08716111414854e-07
YGR032W,-0.582961647620322,7.71472614740283,44.9738438372123,3.42317287544551e-08,1.08716111414854e-07
YPR046W,0.332922387629354,4.24510245975025,44.9238686781579,3.46612962152164e-08,1.10022945993527e-07
YJR006W,0.219293859651723,6.2629646243474,44.9075877622976,3.48024569184123e-08,1.1041342562489e-07
YOR330C,0.255570152842884,6.71190076529688,44.9032867504278,3.48398484993109e-08,1.10474454464985e-07
YGL195W,-0.292915808688528,8.65258941234726,44.8410059968725,3.53860377471752e-08,1.12147937339355e-07
YKL206C,0.219965205798881,5.7902272595492,44.7859551537683,3.58762892487196e-08,1.13642488328193e-07
YAL031C,0.282716907524694,5.95524116255333,44.7693649635614,3.60254229044541e-08,1.13996638666659e-07
YJL110C,0.317163544967527,5.50646546625197,44.7693496807799,3.60255605843855e-08,1.13996638666659e-07
YML020W,0.252411863106139,5.81341730691076,44.7490147727424,3.62092433280896e-08,1.14518318945647e-07
YKL023C-A,-0.486765584324003,4.91269096064806,44.7113264913115,3.65522752155145e-08,1.15482317510025e-07
YGR240C,-0.292125831676256,10.2679445056597,44.7099151485953,3.65651869225646e-08,1.15482317510025e-07
YNR075C-A,-0.655084100076883,1.93544177923563,44.7082585216638,3.65803487131013e-08,1.15482317510025e-07
YLR104W,0.375433465664892,5.63758935503808,44.7072087053378,3.65899602562577e-08,1.15482317510025e-07
YBR109C,0.273732177012241,8.1674495945749,44.6908739581027,3.67398534745199e-08,1.15895286880484e-07
YHR045W,0.219052776997444,6.33265077757165,44.674496459028,3.68907847379785e-08,1.16254339081468e-07
YKL042W,0.476602905086387,5.06823281740285,44.6743771758019,3.68918864036672e-08,1.16254339081468e-07
YBL078C,0.461221734862901,5.70568558790718,44.6568034707237,3.70545691733698e-08,1.16706549389211e-07
YHR175W,0.610110867070997,7.41169351101587,44.6470960920271,3.71447539867881e-08,1.16930071396589e-07
YBR252W,-0.491740194205792,6.33430114894209,44.6362776732373,3.7245531640891e-08,1.17186690814282e-07
YKL055C,-0.477718061578619,2.45157660991854,44.5995133198096,3.75901508498233e-08,1.18209854222829e-07
YCL051W,0.302252398933795,7.30918534127298,44.5518147419877,3.80422486400691e-08,1.19569774263854e-07
YDL013W,0.181160312799459,6.30476422736907,44.5459175591898,3.80985377112191e-08,1.19684874534212e-07
YMR028W,0.283426137506057,5.54857637619932,44.4075843408809,3.94442686669331e-08,1.23848490628632e-07
YFL019C,1.15490468161138,1.13657981301551,44.3753242673263,3.97652011889469e-08,1.247917737157e-07
YGL017W,0.223189644344404,5.79254038409626,44.3659253585219,3.98592178110591e-08,1.25022340402214e-07
YPL239W,-0.358969978960236,5.9128608454471,44.3134509317248,4.03884112715455e-08,1.26616941054794e-07
YNL229C,-0.183026003249875,6.85738269735089,44.2856865511796,4.06713808520604e-08,1.27438389539025e-07
YDR001C,-0.403200038568004,8.01939255532569,44.2832608761746,4.06962013239943e-08,1.27450532710502e-07
YPR067W,0.338274499938685,5.50659763018095,44.2735252983953,4.07959793475014e-08,1.27697291321783e-07
YDL211C,0.404385225185791,4.49913603973595,44.2590742159209,4.09445583129735e-08,1.28096471637246e-07
YIR015W,0.336360600371877,4.15142739804129,44.189505983052,4.16677976073559e-08,1.30292162610874e-07
YDR272W,0.293974479793671,6.40241279056263,44.1736652504856,4.18343420990235e-08,1.30745748162588e-07
YGL127C,0.468161146181092,5.54474141910575,44.1245836219273,4.23548119145192e-08,1.32304430441401e-07
YHR091C,0.301374279583449,5.89488139061023,44.105677916942,4.2557096410073e-08,1.32868102439863e-07
YDR293C,-0.216541678398631,9.00670838895891,44.0956284008828,4.26650343724725e-08,1.33136786746921e-07
YPL071C,0.387007803817902,5.30054704691591,44.0917996935719,4.27062324270436e-08,1.33188378013047e-07
YPR127W,0.326447078879494,6.39535432207017,44.0900249550094,4.27253432837251e-08,1.33188378013047e-07
YGR086C,0.348277614766833,10.0448978944227,44.0378319915529,4.32913946181895e-08,1.34883838326515e-07
YJL156W-A,0.588750452281407,3.01583832651362,44.0251261221845,4.34303794748374e-08,1.35247624925479e-07
YHR205W,0.296216958419869,6.94749772692818,44.0142607373746,4.35496026171749e-08,1.3554953039668e-07
RPR1,-1.17393134476338,2.63161711412058,44.0034741582923,4.36683001362897e-08,1.35849491988407e-07
YJR003C,-0.639868666787686,4.9023409712423,43.9871371547285,4.38487211751968e-08,1.36341067118586e-07
YOL076W,-0.707519089707492,4.90886075914962,43.9322570239783,4.44605388432363e-08,1.381728186216e-07
YNL197C,-0.370378993045126,6.91344880366165,43.878975794753,4.50630895637823e-08,1.39973915260651e-07
YBR111W-A,0.44789216032499,4.94812996242169,43.8696362520853,4.51695872274707e-08,1.40233131775081e-07
YDR084C,0.336767465627382,6.19952190339258,43.7998476552577,4.59737697185459e-08,1.42657005985391e-07
YPL159C,0.24501906210558,5.71729239567873,43.7929586810371,4.60539613057227e-08,1.42833004355414e-07
YIR019C,0.457351615860356,4.98143333668166,43.7745211305275,4.62693064539066e-08,1.43427778793694e-07
YOR375C,0.4542813978447,9.78718186600973,43.7652098813468,4.63784596200799e-08,1.43692936246531e-07
YML068W,-0.210333595504348,5.4089529691491,43.7606407472755,4.64321209059491e-08,1.43785982550992e-07
YBR041W,-0.230828924165711,6.85899709141842,43.7370884385825,4.67097596529205e-08,1.44505427674687e-07
YKR068C,0.241854842160999,6.07615694541843,43.7369037623154,4.6711943506345e-08,1.44505427674687e-07
YNL042W-B,1.07513877486981,0.564951945077894,43.7308901279373,4.67831150421008e-08,1.44652060483325e-07
YLR149C,0.58800026909491,6.39962175014995,43.7110641500799,4.70185615642785e-08,1.45306219968834e-07
YDR320C,0.264872335773819,5.55285746404872,43.6923190759257,4.72423131698938e-08,1.45923591694824e-07
YJR011C,0.479142427139411,4.40380334433253,43.663743938908,4.75855500258521e-08,1.46909219638412e-07
YBR071W,0.387444273502604,6.09467551761545,43.6490046691315,4.77636142441536e-08,1.47384174784825e-07
YGR263C,0.261931506976183,4.91315561041301,43.60043222155,4.83553705535898e-08,1.49134531078862e-07
YNL012W,-0.522961713443777,3.50174002087676,43.5486970044719,4.89941108451967e-08,1.51027945538512e-07
YKR071C,0.22377335337891,6.85502438471558,43.4809078345003,4.98444621971816e-08,1.53571418972076e-07
YLR054C,0.924753076274994,3.65953153330408,43.4767774925705,4.98967705064305e-08,1.53654781645562e-07
YPL165C,0.361515502083976,5.56062087421273,43.4366186151973,5.04083658435649e-08,1.55151697601463e-07
YPR137W,-0.672324042216998,5.16332514712534,43.3936227977241,5.0962195883367e-08,1.56777028286293e-07
YOR238W,0.269120027916149,5.1105690606368,43.3790798695432,5.11509629217062e-08,1.57278226062952e-07
YGL236C,-0.482046230102923,5.14736884302686,43.3747642399203,5.12071205342177e-08,1.57371378005411e-07
YJR134C,0.309864251833604,7.00121950923861,43.3722115334464,5.12403683026427e-08,1.57394064170409e-07
YDL139C,0.311964651846087,4.80844867962128,43.3631848907339,5.13581174027986e-08,1.57676157616564e-07
YKL041W,0.228759964987504,6.18528208553906,43.3538399178401,5.14803175999164e-08,1.57971625111191e-07
YBR161W,-0.291967766261789,5.16545317380383,43.3376614102457,5.16925975019352e-08,1.58543072479474e-07
YDL004W,0.312121923089264,7.12113720341224,43.3078879149046,5.20856581886278e-08,1.59668125983778e-07
YMR182C,-0.471196703058442,5.3914956141117,43.2238675590175,5.32118419412402e-08,1.63038297186529e-07
YPR190C,-0.521242748558728,5.83968289653293,43.1192038498478,5.46505000385092e-08,1.67361999363024e-07
YLR106C,-0.44898725482418,8.45191687955026,43.1160624173886,5.46943052487311e-08,1.67362178157098e-07
YKL027W,-0.259513088253987,5.83751993580715,43.1152552551174,5.47055665331911e-08,1.67362178157098e-07
YKL143W,-0.706575185068422,6.05249621356447,43.0158708526288,5.6110877017264e-08,1.71575219422136e-07
YLR281C,0.815207962885615,2.23689838264921,43.01023907317,5.61916346833818e-08,1.71735859893711e-07
YLR043C,0.251130493128271,8.23933800280708,42.9790869090987,5.66405498233251e-08,1.73020956664123e-07
YPR173C,0.19615295753966,7.72293047914698,42.9573547589263,5.69559418715789e-08,1.73897092969673e-07
YOL164W,0.266334998090949,5.97163078865946,42.8660645904492,5.83010365284224e-08,1.77914647580467e-07
YJR036C,0.469457064495019,5.09414240809893,42.8572245339764,5.84330435840121e-08,1.78228105367776e-07
YJL147C,0.481157802259274,4.21164082083483,42.8122970123632,5.91087939152696e-08,1.80198903293795e-07
YFR006W,0.172922951482552,6.97543861674629,42.7683455257873,5.97777874398695e-08,1.82147138994294e-07
YOL053W,0.342618340217206,5.94552048601735,42.7445431794638,6.01433930543419e-08,1.83169442810646e-07
YDR392W,0.18080613570664,6.057348024194,42.7082694167888,6.07050711068707e-08,1.84787572628969e-07
YIL080W,0.605793269384323,2.63256306454147,42.7048241693178,6.07587036871161e-08,1.84858355968051e-07
YBR282W,-0.303947835414452,4.96962006177447,42.6347799652075,6.18599191153719e-08,1.88114746535251e-07
YJR151C,0.374364065865921,5.29993530719354,42.6196553676036,6.21004362834361e-08,1.88751825566788e-07
YLR014C,-0.611344753457733,3.35997211208735,42.6095738315451,6.22613006116602e-08,1.89146287679457e-07
YBR177C,0.351274077030415,7.17589435560475,42.6015942808784,6.23889343713885e-08,1.89439453917115e-07
YLR027C,0.367664660983007,8.94362578382794,42.5253208124399,6.36228556625926e-08,1.93089813818891e-07
YLR314C,0.196853748162422,8.14300543643977,42.4710101265749,6.45170342291664e-08,1.95705958765941e-07
YOL069W,0.44898651412378,4.7468699183743,42.4389192973619,6.50515596072094e-08,1.97229068365655e-07
YPL112C,0.263516408264624,5.85664846639668,42.3771671549295,6.60932348571385e-08,2.00287516984904e-07
YDL233W,0.289944107108091,5.76466155205847,42.374268833859,6.61425528028078e-08,2.00337199504771e-07
YIL052C,-0.341786783244258,9.84276324791634,42.3477198326337,6.6596109311843e-08,2.01610609533614e-07
YPR097W,-0.350377835400142,6.19383140226635,42.3330862188335,6.68474977979746e-08,2.02271021432459e-07
YPR192W,0.480859546856875,3.96086614958479,42.2646109089715,6.80371002723671e-08,2.05768267970852e-07
YJL014W,-0.217368485302228,8.47419454217895,42.2117345075998,6.89708693003405e-08,2.08422364906355e-07
YHR209W,-0.586957097873751,5.75128577621042,42.2110424775485,6.89831787874114e-08,2.08422364906355e-07
YNL198C,-1.11160166670021,0.606132760634592,42.1756622278031,6.96155811800197e-08,2.10228690561003e-07
YDL171C,-0.453089781919385,8.39974797613931,42.1680808777096,6.97518818870569e-08,2.10535814128344e-07
YPL138C,0.255951287822978,5.06354407581414,42.0915714220076,7.1143148260585e-08,2.1462868476235e-07
YNL113W,-0.609024394486607,3.866185239844,42.0675112239845,7.15866478636906e-08,2.1585963937094e-07
YDR502C,-0.473191706886036,7.85490777233873,42.0447452746113,7.20089574346479e-08,2.170255106438e-07
YNL185C,-0.315655673926439,5.32897778259209,42.0175868155939,7.25161638011816e-08,2.18445968678312e-07
YDR083W,-1.00906037753728,5.11876573697286,41.9943602588388,7.29529070717837e-08,2.19652864686692e-07
YGL154C,0.306864796981442,5.02934913119672,41.9408479171758,7.39696513799276e-08,2.22604020102304e-07
YMR223W,-0.496026227197793,4.66290917915187,41.9331086032636,7.41179237507578e-08,2.22939973318518e-07
YHR090C,0.415418695083662,4.68460196696282,41.9026726343479,7.47040523523213e-08,2.24591975575037e-07
YMR047C,-0.232057511919938,7.51784316607229,41.9005392297909,7.47453186027295e-08,2.24605068492647e-07
YDR461C-A,0.709587053302799,5.08801677712721,41.8172400791831,7.63753766690227e-08,2.29390013342055e-07
YJL073W,0.258952368908979,5.59160263184323,41.5794291282517,8.12371796712869e-08,2.43871849185881e-07
YIL177C,0.453791280978795,7.31773142234091,41.5735125670346,8.1362191716419e-08,2.4412669457318e-07
YDR155C,-0.489143713896054,9.90233976509831,41.5615214041101,8.16161734856492e-08,2.44768070803438e-07
YHR109W,-0.37649122394524,3.53746408004439,41.5455907776959,8.19548811619376e-08,2.45662784172606e-07
YBR113W,-1.02338615340652,1.19913599902398,41.5360881480686,8.2157621269239e-08,2.46149249346784e-07
YOR377W,0.334697305861005,6.27281746761163,41.5162834474825,8.25818478344405e-08,2.47298496098706e-07
YBL081W,-0.649896112327154,6.32829280399635,41.5050696951823,8.28230687669688e-08,2.47898855606003e-07
YJL132W,0.30180013852507,5.08807255420983,41.4738831904567,8.34978151865439e-08,2.49795577881081e-07
YOR371C,-0.501602033607209,4.74728545725027,41.3985953960189,8.51505670299895e-08,2.54614840480337e-07
YKR056W,-0.638143233809838,5.25219706389347,41.3682704383034,8.58259222999015e-08,2.56508220626179e-07
YMR246W,-0.439149269933711,9.36101068001211,41.2809026579863,8.78032056307087e-08,2.62288908327375e-07
YBR031W,-0.399855227727354,11.4575383254312,41.25894655657,8.83075733698541e-08,2.63666135405084e-07
YBR008C,0.304091379569753,5.54648050236779,41.230654592906,8.89619647315854e-08,2.65470242396086e-07
YHL001W,-0.3549901493884,9.44800513079608,41.2290572481688,8.89990623645056e-08,2.65470242396086e-07
YER002W,-0.435120703558074,6.89950604285719,41.2252694006544,8.90870982515124e-08,2.65602642263818e-07
YGR053C,0.36008963472881,3.87990719859238,41.2004641174356,8.96658734700952e-08,2.67197277211327e-07
YDL150W,-0.67264096197743,5.31533857863414,41.1111596806922,9.17824166025347e-08,2.73258879871706e-07
YDR349C,0.208228632597338,7.46169753185636,41.1108504488818,9.17898357366913e-08,2.73258879871706e-07
YDR515W,-0.483926786289802,4.53788871135588,41.0171886441398,9.40661513726253e-08,2.79898548216345e-07
YEL018W,0.351552153847763,4.38320296672622,40.893232053305,9.71700197366462e-08,2.88992947261726e-07
YMR055C,0.275565144960303,4.17177216184775,40.7899441328017,9.98382459028111e-08,2.96783452036446e-07
YPL127C,0.223244455944199,7.24736505065527,40.777120119887,1.00174843431713e-07,2.97638633926746e-07
YGL076C,-0.359216128542354,10.7890853813085,40.6956316354683,1.02341670209327e-07,3.03928288542585e-07
YJL127C-B,0.419161392869779,5.06349468209107,40.6621634921688,1.03245778809403e-07,3.06463689783034e-07
YPR152C,0.323415200581834,5.17993525942877,40.6415825504329,1.03805903209645e-07,3.07976070712183e-07
YFR003C,0.346770531576282,6.31031682544485,40.6303446616507,1.04113092674686e-07,3.08736924427613e-07
YPL157W,0.520601647355405,5.17793462658681,40.6054160524309,1.04797923916931e-07,3.10616350236007e-07
YMR289W,-0.229508519879436,5.8776061392618,40.6008723853883,1.04923253712299e-07,3.10836416182735e-07
YMR316W,-0.804698484758435,6.28037053536043,40.4498911202766,1.09178388645452e-07,3.23284912363784e-07
YCL001W,0.256423971506969,6.57010001976055,40.4300862254764,1.09749820235504e-07,3.24818898897394e-07
YLR328W,-0.232369790937532,6.71918358965012,40.3983619526105,1.10671699610855e-07,3.27388085625693e-07
YBR084C-A,-0.28016559394342,10.13902772595,40.2929662021507,1.13793082829279e-07,3.36458167646338e-07
YMR122W-A,-0.639061831940255,10.0367822111713,40.2353427967384,1.15538510107405e-07,3.41453051968702e-07
YKL175W,0.245420532390545,7.41593827683277,40.1638000930133,1.17744659868741e-07,3.47804007427812e-07
YHR165C,-0.277904210681457,7.08290733418859,40.1209361091663,1.19087547550154e-07,3.51600061544245e-07
YKL035W,-0.387800337546671,9.30644459005377,40.0721471876727,1.20635602027683e-07,3.55997884742217e-07
YER117W,-0.296481022021066,10.1890983772262,40.0541915085734,1.21210622861581e-07,3.57521396079844e-07
YKR013W,0.47098768691135,8.35487321774993,40.0427613846733,1.2157816125325e-07,3.58431739935092e-07
YOR142W,0.298107106050924,7.92897778196505,39.9806018773788,1.23597455106098e-07,3.6420848151119e-07
YOR245C,0.269710678322301,5.87704612177601,39.9561190861294,1.24402411053614e-07,3.66403035460426e-07
YEL063C,0.218376228704881,6.79381096905481,39.9099243484042,1.25936213609537e-07,3.70741102957925e-07
YMR016C,-0.33132068279572,6.96812187326776,39.9018330098482,1.26206902436403e-07,3.71358317855664e-07
YNL049C,-0.198926782115789,6.22406108602252,39.8715773144843,1.27224493213385e-07,3.74171600388326e-07
YBR012C,-0.70174774520998,2.35915847498758,39.8438827643439,1.28163479741813e-07,3.7675109866132e-07
YPR116W,-0.614926323505582,1.91951717770856,39.8229687061109,1.28877382443482e-07,3.78666765895021e-07
YNL247W,-0.290782311550126,8.1411005277559,39.7504909806921,1.3138381538381e-07,3.85844843923977e-07
YDR287W,0.406188229369213,5.95626780027999,39.723476427596,1.32331052668994e-07,3.88439197052979e-07
YOL031C,0.2344182771607,6.02750805015095,39.7068541952594,1.32917446648976e-07,3.89972354319683e-07
YKL065C,0.36846216938417,7.97059042182383,39.694823577532,1.33343556574674e-07,3.91033996027418e-07
YCL016C,0.376370614285331,5.14503528569666,39.6912414204636,1.3347070851845e-07,3.91218333976286e-07
YMR143W,-0.263408294090956,9.90265254354797,39.6880721967549,1.33583308904171e-07,3.91359862629698e-07
YLR240W,0.234549949702093,5.79707810243174,39.6549765663658,1.34765137126164e-07,3.94632271132199e-07
YJR015W,-0.271308352466201,7.24232032915466,39.6019848971634,1.36680304484719e-07,4.0004793303969e-07
YOR141C,0.200168873042745,6.42633500743396,39.4948785564374,1.40638791409869e-07,4.1143607967743e-07
YEL006W,-0.225553651766101,5.81505223814873,39.4917757705938,1.40755239791617e-07,4.11578872720802e-07
YMR226C,0.31544254056976,8.02305549044945,39.4436393323425,1.42574808396253e-07,4.16699187843997e-07
YCL054W,-0.940795868637907,6.40992726280964,39.4354318016206,1.4288750562866e-07,4.17412612458182e-07
YDL121C,0.30789627506973,6.03112457764059,39.3922785185089,1.44543454596124e-07,4.22047466994919e-07
YDR437W,-0.472947111182682,3.13169678286422,39.3833016980324,1.44890446783911e-07,4.22857730781822e-07
YJL036W,0.262911949270817,6.41772225088436,39.3700721040715,1.45403418097573e-07,4.24151389800446e-07
YHR033W,-0.566060860929693,4.68251676070062,39.3199525866632,1.47364099663385e-07,4.29664852157019e-07
YIL167W,0.424825871322743,3.71473699103055,39.3020822364749,1.48069870864488e-07,4.31515883242534e-07
YOR210W,-0.384658876699482,6.13181009909408,39.2712271231722,1.49296809025429e-07,4.34883237395756e-07
YDL185W,-0.245023244268665,9.64059232539116,39.233611944966,1.50806978173052e-07,4.39071991475131e-07
YGL149W,-1.04075087426364,0.739099442184686,39.0884152939322,1.56788076644768e-07,4.56267549681212e-07
YLL018C,-0.284167607417004,9.09502205888495,39.0783413711971,1.5721216597694e-07,4.57282997117439e-07
YML064C,0.259453688583353,5.40580516357876,39.035770706273,1.59017606492021e-07,4.62313490446223e-07
YKL151C,0.539394315396758,7.40753581293601,38.9807361381956,1.61383892207285e-07,4.68968951328238e-07
YPL223C,0.664331409576213,4.34059591815001,38.9064423724588,1.6463691149502e-07,4.78193606896037e-07
YFR037C,-0.271272471753799,7.22867651933009,38.8462720021788,1.67321845670037e-07,4.85760224667068e-07
YPR168W,-0.410637089982113,3.4429964983916,38.8439384926393,1.67426891367117e-07,4.85833397219318e-07
YOR380W,0.337595736937647,5.46246947625776,38.8294431171051,1.68080967186309e-07,4.8749889672483e-07
YHR034C,0.296613645145123,5.3208040159919,38.439166073462,1.86736159177216e-07,5.41348036490406e-07
YLR344W,-0.39030187480943,9.53136056285168,38.4371535112622,1.86837793745498e-07,5.41384749972073e-07
YBR154C,-0.559429623262869,6.3131392539961,38.3855974296906,1.8946123363513e-07,5.48725181661002e-07
YPL263C,-0.485880949947597,6.4732088385346,38.3751651385655,1.89996760693064e-07,5.50014409522975e-07
YDR389W,-0.19751659434862,6.11415363146534,38.3351257952911,1.92066891439431e-07,5.55742764816423e-07
YDL057W,0.468658196242124,4.66885245855167,38.3169352548565,1.93015179233507e-07,5.58221181385878e-07
YPL074W,0.339267819302516,5.89332883609356,38.3124410793459,1.93250219003124e-07,5.58635431180052e-07
YGR094W,-0.215522140816899,9.60475060737931,38.1992783500382,1.99268389119882e-07,5.75758854603268e-07
YGR036C,-0.362736756028547,5.12122901514497,38.1295508706864,2.03074083425249e-07,5.8647641084131e-07
YML038C,0.249706004357355,6.72816279389137,38.0286385698051,2.08717207862492e-07,6.02487765580297e-07
YDL191W,-0.330401241540927,9.63533880892984,37.9861533459597,2.1114194555893e-07,6.09198074312985e-07
YMR235C,-0.328844021110615,7.59364937787081,37.9634500253898,2.12449761529322e-07,6.1268094734878e-07
YLR146C,-0.29162863929864,5.72774963263252,37.9080927865436,2.15674291729544e-07,6.21685488002972e-07
YGR207C,0.330809931576289,6.39929232055156,37.8961705180561,2.16375443538253e-07,6.23411256595771e-07
YMR074C,0.187524009813864,6.70085767662539,37.8874619503795,2.16889105632112e-07,6.24595460374539e-07
YLR052W,-0.24424726346186,5.88790949853924,37.8774244887658,2.17482735668497e-07,6.26008725895367e-07
YPL043W,-0.816490796163385,6.43044806214665,37.8647669578248,2.18233747874396e-07,6.27873454286381e-07
YOR187W,-0.255360413461848,8.22875672752709,37.8520306699546,2.18992175668395e-07,6.29757745246778e-07
YDR436W,0.337884357865748,6.73371447683543,37.8466876905816,2.19311164145201e-07,6.30377153435781e-07
YPL079W,-0.558719375640034,10.6860135758435,37.7856813995982,2.22988086452252e-07,6.40643298423962e-07
YGL122C,-0.363688303062167,8.12867873968921,37.7797911850194,2.23346499340501e-07,6.41370197492661e-07
YNL215W,0.249128453355993,6.94165595423436,37.7385502721822,2.25872928386337e-07,6.48319230769274e-07
YBR111C,0.288471356361244,7.64302103413004,37.688465425353,2.28981453296966e-07,6.5693170358889e-07
YOR252W,-0.610334462795509,5.13858438539483,37.6505444957871,2.31364817351075e-07,6.63456603949712e-07
YOR352W,0.258772739966248,5.3176073892487,37.6151029343535,2.33615851616304e-07,6.69596070223838e-07
YNL236W,-0.362142998669351,5.42054937603567,37.609833415299,2.33952493943493e-07,6.70245256895554e-07
YEL017W,0.179540588477305,5.9610861242681,37.549191187295,2.3786339390811e-07,6.80880688961628e-07
YLR203C,-0.221789104594458,6.93230798297992,37.5488031993635,2.37888635124473e-07,6.80880688961628e-07
YDR312W,-0.454671483750892,4.78897422660083,37.4668629886799,2.4328278451005e-07,6.95992357190245e-07
YER096W,0.441740238395066,2.5468035514858,37.4448095162517,2.44756347818852e-07,6.99878936314715e-07
YDR117C,0.219689055971894,6.09786924675085,37.438600603407,2.45172897995971e-07,7.00740762942922e-07
YER174C,-0.319692023192177,5.73393670608055,37.3925647000907,2.48284665798831e-07,7.09301498303233e-07
YBL092W,-0.375762229851485,11.0563644394056,37.3711757849088,2.4974448726359e-07,7.13137121069425e-07
YOR234C,-0.360058231225299,8.45183812096383,37.3579066569779,2.50654639689753e-07,7.15400320127648e-07
YJL185C,0.370589676044143,4.37144314547758,37.3444976392365,2.51577918031567e-07,7.17698842579505e-07
YDL149W,0.287098763246971,5.47642486370885,37.3317109698892,2.52461663522568e-07,7.19882484786705e-07
YHR183W,-0.444837374728043,9.59812222968613,37.2688968615248,2.56850511435167e-07,7.32054033762524e-07
YDR352W,-0.200428766574395,5.76310384168318,37.1890219399805,2.62547142138004e-07,7.47939775238648e-07
YDL177C,0.43356887526297,4.96205459698439,37.1701528188639,2.63912105493038e-07,7.51476444513401e-07
YKR020W,0.354090295093095,5.21571805679284,37.1670288735674,2.64138803251917e-07,7.51770167347013e-07
YDL112W,-0.492456763418315,6.43689698856794,37.1442215232786,2.65800076024486e-07,7.56144676301542e-07
YDL117W,0.294096183463869,6.25172188970567,37.1087748286352,2.68403750593033e-07,7.63194776803086e-07
YJR035W,0.360370277894885,5.28556324692047,37.1043495223178,2.68730674799945e-07,7.63767471348748e-07
YDR339C,-0.335434369077465,5.67228413727441,37.1018759602678,2.68913593559105e-07,7.63930540059364e-07
YNL224C,-0.237401109266639,5.95166878233069,37.0475782421211,2.72961915302076e-07,7.7506918087407e-07
YEL038W,0.324479368052082,7.2129539783063,37.0261420105701,2.74577688159672e-07,7.79293485285264e-07
YIL104C,-0.579691660604865,4.28590180488761,37.0141897110917,2.75482950231327e-07,7.81498252754138e-07
YPL148C,0.364511264321473,3.76985220034872,36.9854087390263,2.77675662209318e-07,7.87351539861928e-07
YDR090C,0.174633792474061,5.87410439726119,36.9829523952905,2.77863646540688e-07,7.87517600931572e-07
YHR039C,-0.18206229275118,7.68074573144148,36.9702864699469,2.78835090051863e-07,7.89902943652507e-07
YMR304W,0.313908739917735,6.77335582060447,36.9161049280966,2.83031013356047e-07,8.01416340749904e-07
YOL120C,-0.305837160075187,10.9963971750701,36.9040717827557,2.83971828417688e-07,8.03706314382154e-07
YIL093C,-0.382778827427301,5.83463125777185,36.8992914995538,2.84346485067793e-07,8.04392543764539e-07
YAL007C,0.2261546799709,6.95965877328832,36.8927339084323,2.84861281602594e-07,8.05474395237819e-07
YOL127W,-0.368670450311871,10.746059003325,36.8674232076287,2.86857446228327e-07,8.10742015930967e-07
YMR067C,0.213645496396577,5.81344112157353,36.8609413563895,2.87371000000809e-07,8.11816404366259e-07
YJL192C,0.230827026503025,6.9088366042561,36.8453548986644,2.88609853885223e-07,8.14937800877765e-07
YLL036C,-0.27096383575932,6.00287055868218,36.8429535870156,2.88801213487515e-07,8.15099899847649e-07
YHR075C,0.303979166574199,4.69023643778888,36.8106298236921,2.91390058499295e-07,8.22025269340849e-07
YPR175W,0.341901922291161,4.7869790173571,36.8048214870005,2.91857825532559e-07,8.2271863918798e-07
YGL181W,0.35351466239653,7.64847203327472,36.804220728007,2.91906251767765e-07,8.2271863918798e-07
YML006C,-0.262749237629475,6.10045454201902,36.7459989009523,2.96639594503432e-07,8.35672190996936e-07
YPL181W,-0.185968041049571,6.7424584150436,36.7239505768238,2.98453019013101e-07,8.40391772649107e-07
YKL154W,0.23513885173456,6.08135742670123,36.7103882970315,2.99574251624736e-07,8.42969800962049e-07
YBR089C-A,0.418351502171687,6.71115538878683,36.7095266734726,2.99645633439756e-07,8.42969800962049e-07
YKL149C,0.294677877975453,4.99933344219596,36.7037324800162,3.00126120567771e-07,8.43931351041998e-07
YBL043W,0.592388099132508,3.74462895221096,36.6504563969787,3.04582090088026e-07,8.56065597314382e-07
YGL050W,-0.312510852829221,5.20949484898601,36.6363757849781,3.0577132353611e-07,8.5901131288884e-07
YAL048C,-0.354074510753765,4.13102541429444,36.6263829717192,3.0661825641176e-07,8.60993119642622e-07
YMR043W,-0.515779118100303,7.54721600842367,36.5745475105375,3.11051141308983e-07,8.73037912760683e-07
YNL261W,-0.30494330287213,5.29207425071318,36.5702968340444,3.11417618677806e-07,8.73351151209792e-07
YDR208W,0.231980844733353,6.47678484560301,36.5699238879447,3.11449794268734e-07,8.73351151209792e-07
YOR288C,0.412478659653309,4.91836665036039,36.5604460913698,3.12268652685817e-07,8.75244012709902e-07
YKL018C-A,0.435401660923648,6.09438932986914,36.5220838997093,3.15606163446981e-07,8.84191300448841e-07
YOR308C,-0.502874011954096,3.97104404170154,36.509822303869,3.16680786863108e-07,8.86793643838938e-07
YOR231W,0.208897109325927,5.97995429486316,36.5046826204996,3.1713237547028e-07,8.87649726189812e-07
YDR016C,0.376907430080084,5.17279034059378,36.4892918536121,3.18488695691071e-07,8.91036190013869e-07
YDR142C,0.275422950640001,5.33573163515628,36.4694131200716,3.2024952029497e-07,8.95550703582211e-07
YNR052C,-0.256718710727588,6.89404054104229,36.3621500115675,3.29928314693566e-07,9.22192831837553e-07
YGR012W,0.223397119428758,6.0536398906299,36.3260739286236,3.33252079108603e-07,9.31055510273577e-07
YGR118W,-0.313869595022951,10.2808725523639,36.2447738481717,3.40871688775483e-07,9.5190648288151e-07
YPL007C,0.235570292391994,5.17875318191444,36.2310429372676,3.42176490095982e-07,9.55111900107362e-07
YNL003C,0.238386565851193,6.43774298745985,36.2088531298523,3.44296183900062e-07,9.60587931697331e-07
YJR053W,-0.560550463146529,2.61468769903403,36.2035355397608,3.44806190169095e-07,9.61569966626464e-07
YMR132C,-0.480420245000893,3.10300911269682,36.198553268972,3.45284754432057e-07,9.62463458872682e-07
YCL039W,0.316271051830176,6.95837534596224,36.1720447129607,3.47842719868603e-07,9.69149702564309e-07
YJR093C,0.244150522827008,6.3894423923485,36.1512199840673,3.49866141171322e-07,9.74341175756289e-07
YOR302W,-0.733827688740519,1.91394196587894,36.144845516215,3.50487974353983e-07,9.75626406195785e-07
YFR052W,0.205524179591998,7.32220977767325,36.0106254448768,3.63853652617042e-07,1.01236830186315e-06
YER056C-A,-0.277332654458398,9.12466834137134,35.9834768699186,3.66621452942932e-07,1.01960308096789e-06
YCR043C,-0.247931454950016,5.67570362371124,35.9763143926321,3.67355339640308e-07,1.02117736030666e-06
YJL123C,0.196647112159139,7.92726460922045,35.9494272387023,3.70124032115099e-07,1.02840398877643e-06
YBR160W,0.2429164466489,6.45077655209766,35.9375538104156,3.71353643814923e-07,1.03134957672926e-06
YLR042C,0.512461721731534,3.57483599715622,35.9292963067447,3.72211313212516e-07,1.03325996391339e-06
YAL030W,0.393654886512001,6.47979322989539,35.9271919623113,3.72430213567711e-07,1.0333961922296e-06
YDL205C,-0.346684047217218,6.34361706341135,35.9152185069227,3.73678298767289e-07,1.03638671285276e-06
YMR124W,0.226613142543589,7.23156237275324,35.8791093308588,3.77468840145472e-07,1.04642272997048e-06
YIR038C,0.457147161818718,6.87657388591779,35.824818688256,3.83243966844583e-07,1.06194878790951e-06
YDR441C,-0.419918673392094,5.35113688203596,35.8118995471023,3.84631818453036e-07,1.06530933786378e-06
YLR408C,0.603806426142332,3.30682793808548,35.7484185517387,3.91528243392953e-07,1.08391690675438e-06
YJR005W,-0.298787071023341,6.34125045440197,35.7098161600698,3.9578515068204e-07,1.09520356612106e-06
YLR410W,-0.251656302861844,7.25915982487205,35.7028258188235,3.96561187275345e-07,1.09685219298658e-06
YLR022C,-0.327124807858986,5.03610272278154,35.6944260156547,3.97495805348745e-07,1.09893774445575e-06
YDR261C,-0.229835610377292,6.85123268768438,35.6834511116075,3.98720425123428e-07,1.10182279149685e-06
YBL032W,-0.212724048591884,7.30712927183137,35.6761059184987,3.99542236099666e-07,1.10359260402472e-06
YGR191W,-0.256097371068802,7.20257071314675,35.6418296016831,4.03400744768887e-07,1.11374479669631e-06
YOR046C,-0.273216225276265,7.33044149148232,35.6212134443507,4.05740304939295e-07,1.11969603426558e-06
YBR117C,-0.38489990046348,3.84422614241822,35.5907610663749,4.09222139248263e-07,1.12879270957646e-06
YJL176C,0.256785698710439,6.01062451331989,35.5775175240067,4.10746120788531e-07,1.13248307430821e-06
YGL021W,0.360019378402517,5.59628535167509,35.548971526962,4.14051267458668e-07,1.14107878735779e-06
YOR276W,-0.358354868836197,5.7468944337085,35.5436050498649,4.14675720693734e-07,1.14197641249677e-06
YJL221C,0.359089388346602,4.05014028572576,35.542947341343,4.14752320726026e-07,1.14197641249677e-06
YGL153W,0.269542759084519,3.85750043277915,35.5384467196755,4.15276883666963e-07,1.1429035898297e-06
YNL238W,-0.18961614050946,7.04896663968042,35.3957949662356,4.32268803850405e-07,1.18867276050356e-06
YNR031C,0.201576881762319,7.08596029555253,35.3955556350637,4.32297916022082e-07,1.18867276050356e-06
YMR251W-A,-0.753654364132418,8.63100271727232,35.27908293564,4.46712317244751e-07,1.22763533839572e-06
YGL111W,-0.455925641701838,6.02516873425559,35.2778198307489,4.46871368043801e-07,1.22763533839572e-06
YIL116W,0.370564682729564,6.68674392222222,35.2300970378323,4.52924325016858e-07,1.24370239969656e-06
YKR023W,0.249653976075967,5.9212023651032,35.2054797793728,4.5608020035239e-07,1.25180334647916e-06
YHR150W,0.296680775753794,4.98519482238194,35.1232141991669,4.66794654370568e-07,1.28063366629617e-06
YAL016C-B,0.787487288384433,2.6122835006408,35.0873842738434,4.71543366351291e-07,1.29307858686237e-06
YDR364C,-0.302237867463634,4.94219077662088,35.0817304840463,4.72297301685123e-07,1.29449371295162e-06
YBR065C,-0.514680862188002,3.35521582702206,35.0803252448292,4.72484886847254e-07,1.29449371295162e-06
YNL314W,0.290156599486769,4.83572371413617,35.0717085415332,4.73636837400673e-07,1.29701237557289e-06
YGL246C,-0.396696350890449,5.8163017459746,35.07026218268,4.73830486589733e-07,1.29701237557289e-06
YJL071W,0.250887906363531,4.83742194114673,35.0395498506755,4.77962122560738e-07,1.30773359522576e-06
YGL191W,0.338113321150661,6.74878722619998,35.0298037147311,4.79281116398866e-07,1.31018565924677e-06
YPL206C,0.334719946586202,6.84295250752378,35.0297458954082,4.79288952749929e-07,1.31018565924677e-06
YNL129W,0.346527892278937,4.312028019853,34.9996497792297,4.83386208375178e-07,1.32079258103411e-06
YLL022C,0.352816749115739,6.29190888242792,34.9980121874456,4.83610198592348e-07,1.32081151635298e-06
YIL107C,0.217670310195103,6.36376883261799,34.9921636086287,4.84411056841212e-07,1.32240524041219e-06
YDR286C,0.349852420787693,4.33980977898549,34.9240893351542,4.93835493519065e-07,1.34727898306958e-06
YJR143C,-0.242529861309204,8.05965905780544,34.923160593178,4.93965392149259e-07,1.34727898306958e-06
YGL124C,0.232316736658221,5.46837055782591,34.8961255846852,4.97762379056522e-07,1.35702691602103e-06
YPR008W,0.273373417776533,7.51191949766819,34.8865037874716,4.99121099990462e-07,1.36012176150558e-06
YNR070W,-0.258958819247794,5.05298634614221,34.8720469131479,5.0116990611958e-07,1.36509349988256e-06
YFR007W,-0.227565324733664,4.69443344686779,34.8543353058149,5.03691985211461e-07,1.37134931991577e-06
YBR191W,-0.399093830924005,10.4735072311867,34.8498668367545,5.0433038000563e-07,1.37247332841425e-06
YJL084C,0.308979595128367,5.73515914336249,34.8401343783275,5.05723758695619e-07,1.37565000968388e-06
YPL224C,0.297029827694934,7.08875356725864,34.8218454781872,5.08353070652449e-07,1.38218428727442e-06
YLR257W,-0.290821372855898,9.07311915558822,34.7674047175409,5.16264886151113e-07,1.40306915240265e-06
YLR085C,0.221494859188864,5.96988509620508,34.7391053959201,5.20428459215789e-07,1.41375320282503e-06
YBR150C,0.269969944112457,6.19920447505433,34.624300881523,5.37683499932106e-07,1.45997505447874e-06
YDR032C,0.436534058108415,8.59123469220955,34.6202041298992,5.38310205838041e-07,1.46102480041235e-06
YBL042C,0.285614934645779,5.95917834323424,34.5416863977868,5.50470623691626e-07,1.49336323903858e-06
YNR014W,-0.470889891033314,6.96951536881714,34.5176095951751,5.54256911369011e-07,1.50296493123014e-06
YER107W-A,-0.584645475838735,2.47579213984192,34.4830061631737,5.59746463382738e-07,1.5171747125541e-06
YDR306C,0.275769802441074,5.93283565290401,34.4568766840889,5.63929427194552e-07,1.52783195212772e-06
YMR194C-A,0.700546118294058,2.24521256331765,34.4474891548214,5.6544022554394e-07,1.53124333441694e-06
YBR105C,0.267265424345825,6.63391134243292,34.4133634614495,5.70968130469873e-07,1.54552538874963e-06
YJL113W,-0.521437421266346,3.1278365101499,34.4087132561347,5.71725773813529e-07,1.54688809855728e-06
YDL103C,0.23236661890286,6.30507875052734,34.3853061562035,5.7555544756732e-07,1.55655773264317e-06
YFL010W-A,0.398559001512668,4.32137735078123,34.3702668938988,5.78030221050001e-07,1.56255615063938e-06
YJR077C,0.338726866388684,8.28548876531528,34.3553239863185,5.80500183906637e-07,1.56853624292712e-06
YBR030W,-0.358049031244581,5.36584303186596,34.3241612229615,5.85686827795847e-07,1.5818483564748e-06
YGL045W,0.305596177648189,5.31759712899245,34.2883497004989,5.91707215666601e-07,1.59739947086569e-06
YBR188C,0.252197257590187,4.61554292598986,34.2775620228681,5.93533447727243e-07,1.60161908178283e-06
YOL144W,-0.566971823998946,5.14411178730053,34.2511246294448,5.98034016745298e-07,1.61304831201026e-06
YNL216W,-0.417538485184217,6.32471468348163,34.2118089774266,6.04793157266018e-07,1.63055665129097e-06
YNL219C,0.275752468344484,6.80214559109737,34.1960391349269,6.07526755658125e-07,1.63720119937099e-06
YJR071W,-0.89446245233019,0.95630468376276,34.1905636583688,6.08478918818827e-07,1.63904126649516e-06
YJR097W,-0.927295727116658,1.85874856618667,34.1871945939003,6.09065562407476e-07,1.63989555188031e-06
YBL016W,-0.36333141870147,5.93087547979086,34.1749143785342,6.11208895863307e-07,1.64493858086166e-06
YBR156C,0.416373978059232,4.51755541030035,34.1180566373712,6.2123609599927e-07,1.6711855190785e-06
YNR046W,-0.488308427457202,6.31392950236686,34.0921755219922,6.25857331023554e-07,1.68287311501473e-06
YOR020C,-0.395518185913431,7.80996096263538,34.0712776835664,6.29615051130716e-07,1.69222949917421e-06
YML067C,0.209788925220844,6.81415221873243,34.069283188366,6.29974922648737e-07,1.69244918512917e-06
YGR100W,0.202299259190474,6.91580511842898,34.037806592068,6.35682950025071e-07,1.70645611154233e-06
YJL062W,0.239488024767405,6.78496445417303,34.0374410867414,6.35749548868771e-07,1.70645611154233e-06
YPL249C,0.306107388763264,6.49803036606868,34.0016518407866,6.42306257350607e-07,1.72329522750372e-06
YPL179W,-0.226684414871923,7.14270315989023,33.9602582218756,6.4997816937528e-07,1.74311025149783e-06
YHR017W,0.361416923177947,5.90299322571493,33.888906131513,6.63428846093943e-07,1.77839847069676e-06
YBL023C,0.197610417704071,6.10182661700675,33.881779484525,6.64788228015754e-07,1.78125775758515e-06
YNL194C,-0.689996697578199,3.71273510696223,33.8373259620845,6.73333723533627e-07,1.80336078684072e-06
YKL014C,-0.579166280113404,6.49897073255419,33.8320921597415,6.74347387436729e-07,1.80528106139573e-06
YIL103W,-0.431163954813501,5.2636310885323,33.8217518912647,6.76354756361989e-07,1.80985870380946e-06
YDR545W,0.412126306568236,7.88289371264929,33.7739606118541,6.85714214150746e-07,1.83409713982738e-06
YGR041W,-0.177401587867603,6.03450881511134,33.7704888183179,6.86399397606889e-07,1.83512316978819e-06
YKL190W,0.283827063353499,7.23861161995037,33.6878005450997,7.02932333204062e-07,1.87849944995464e-06
YOR131C,0.19765639391696,6.16834762051582,33.6728832666458,7.05959100550387e-07,1.88575993276958e-06
YMR090W,0.36461068459621,5.70873310877723,33.6599649403374,7.08591307816425e-07,1.891960556412e-06
YLR461W,0.739671606589686,1.53886337828302,33.631973112266,7.14330202513008e-07,1.90644705363669e-06
YGR097W,0.24933953225387,8.12882591062001,33.6189434783283,7.1701813469441e-07,1.91259157810406e-06
YOR159C,-0.24577201267347,5.65952793854973,33.6177680886545,7.17261130851842e-07,1.91259157810406e-06
YIL159W,0.470499924832915,4.49040720368363,33.6030948369449,7.20301903302281e-07,1.91985855523188e-06
YGL219C,0.315255011580335,6.25809820647526,33.5899360281088,7.23040323452656e-07,1.92631364632636e-06
YOR283W,-0.286063199368474,6.04414723754681,33.5847478710721,7.24123003855561e-07,1.92835381989545e-06
YOR182C,-0.318199882868069,8.93146228634525,33.5589657286644,7.29528553496595e-07,1.94189905862939e-06
YGR237C,0.18924347020363,7.04377096767831,33.5238522876363,7.36958626909611e-07,1.96081908384127e-06
YLR384C,-0.281726165183356,7.68736663382088,33.4973594631369,7.4261702251218e-07,1.97501074387527e-06
YJL059W,0.262387376982238,4.83274217214651,33.4908295505414,7.44018676738495e-07,1.97787402706586e-06
YHR193C,-0.262188252551422,10.0395052380446,33.4792855202181,7.46503404553131e-07,1.98361275838681e-06
YIL040W,0.356132044152108,5.82661102817361,33.4763331606326,7.4714026327299e-07,1.98443845570325e-06
YPR032W,-0.176151763396045,5.66547914786674,33.4411255708352,7.54778983517404e-07,2.00385258058613e-06
YPL180W,0.22273298805749,6.18924783239352,33.4178626637789,7.5987102288649e-07,2.01649157185534e-06
YBR006W,0.387009792902629,6.05608508292272,33.4097503488466,7.61655189609927e-07,2.02034517383453e-06
YOL095C,0.310299686065443,4.29086868888966,33.3865823726998,7.66774806271785e-07,2.03303908329578e-06
YLR099W-A,0.792871601504816,6.71000281508569,33.380849470127,7.68047209571525e-07,2.03552581456565e-06
YER091C,0.997963256413945,9.23745095399879,33.3565283128856,7.73469883309308e-07,2.04886453972438e-06
YIL021W,-0.229307816661825,5.87338826750815,33.3552607008615,7.73753609250062e-07,2.04886453972438e-06
YBL030C,0.295823818243025,8.86729607334421,33.3453361196995,7.75978772686688e-07,2.05386291074315e-06
YDL234C,-0.512067379878567,7.30887325890239,33.3297890685668,7.79478024547948e-07,2.06222773016272e-06
YAL059W,-0.824456072921707,3.64469357976787,33.2966527220422,7.86991479953113e-07,2.08120084985428e-06
YDL145C,-0.22095674914603,8.71674375024827,33.2771644315978,7.91445732223896e-07,2.09207092987941e-06
YFL048C,0.134760555777485,7.00347671586253,33.2706229285026,7.92946776489615e-07,2.09512858659979e-06
YER014W,0.25403493414226,5.29627454964966,33.2382786696759,8.00412608488386e-07,2.11393694559541e-06
YFR047C,0.381260240725379,7.20710945541432,33.2012009764487,8.09061734922007e-07,2.13585277960972e-06
YHR147C,-0.226555917358056,5.68870189777023,33.1772543460674,8.14699780272874e-07,2.14980406026038e-06
YMR269W,-0.549376776470447,4.97643035614,33.1675695197096,8.16991675111153e-07,2.15491735719608e-06
YJL004C,0.219007044894179,5.388135746405,33.1560982947401,8.19715061027279e-07,2.16116384157322e-06
YOL023W,0.299761948259185,5.22321698919423,33.115988770103,8.29312494628079e-07,2.18552036804325e-06
YPR200C,0.445715176372172,2.41125215088584,33.1127064051743,8.30103096017459e-07,2.18665685682521e-06
YHR206W,-0.360232085542677,6.87651066071923,33.0768860628507,8.38782422673618e-07,2.20856384334442e-06
YOR118W,-0.282724273991176,6.10922191344185,33.0735745141433,8.39589604206963e-07,2.20973301972291e-06
YDL202W,-0.190134727433847,5.52279182951343,33.0653917548434,8.41587623470391e-07,2.21403402024096e-06
YCR027C,0.235951459366454,4.78263639107703,33.0420113144422,8.47324030174037e-07,2.22816193760113e-06
YHR078W,-0.242121041254136,5.87493086770993,33.0342032210753,8.49248865537457e-07,2.23225889710386e-06
YDR319C,0.372869252638191,5.70488818190887,33.0244362601666,8.51663049539805e-07,2.23763802091957e-06
YGL135W,-0.324864333903018,10.8153453263481,33.0129163175783,8.54519779747808e-07,2.24417473446932e-06
YGL029W,-0.813604411560165,5.37985413290033,32.9387752896266,8.73147286879428e-07,2.2919385638373e-06
YGR154C,-0.412554917802224,4.20769856547475,32.9375438987899,8.734602349283e-07,2.2919385638373e-06
YJL046W,-0.320625002349127,4.56097637738581,32.8611203604327,8.93114530649514e-07,2.34250082715616e-06
YDL098C,0.408200791021879,4.05195677606397,32.8355269962355,8.99799666922285e-07,2.3590180841112e-06
YMR070W,0.327401007750627,7.04276596494101,32.8137041858247,9.05541329207915e-07,2.37304865987518e-06
YCR044C,0.250495471227383,6.63346441269946,32.8070003456396,9.07312833047853e-07,2.37666749422996e-06
YNL007C,-0.475619165499447,7.99371881741104,32.8034308142162,9.08257570535887e-07,2.37811846674306e-06
YKL205W,-0.413686379995446,5.81494037382579,32.7697239576553,9.17229659310687e-07,2.40057740942173e-06
YHR019C,-0.277704250996927,9.55590946174451,32.7634318242407,9.18914760749994e-07,2.40395370557339e-06
YGL023C,0.389424802249346,7.8392831144219,32.6972311576863,9.36841919771145e-07,2.44979934757517e-06
YMR038C,-0.271818009285551,7.55267751554428,32.6287567565007,9.55770865492574e-07,2.49822410503536e-06
YHL012W,-0.900817879747034,2.95140047965162,32.6266092638606,9.56370956941178e-07,2.49871930999874e-06
YMR270C,0.219134772136488,5.78448038540648,32.6135128336418,9.60039156112759e-07,2.50722672315285e-06
YFL036W,-0.206401929174385,7.29676069493602,32.5538472560206,9.76938544891564e-07,2.55026642885679e-06
YPR188C,0.265283097236737,5.35649960083106,32.5492064278311,9.78265991242563e-07,2.55263660236321e-06
YOR217W,-0.309356156829736,6.0003327724659,32.547528334525,9.7874645240794e-07,2.55279561204557e-06
YBR048W,-0.422063174731593,10.2168247745085,32.5395787541494,9.81025889287239e-07,2.55764461710062e-06
YNL254C,-0.359012295483235,4.22372606495326,32.5286902108443,9.8415706714762e-07,2.56470910218127e-06
YPL207W,-0.398263188102759,7.43280314580816,32.492905969545,9.94521383156324e-07,2.59060899679205e-06
YJR007W,-0.303843824384127,7.53348275160908,32.4905712167346,9.95201568514949e-07,2.59127152093002e-06
YGR047C,0.389862425552602,5.310123083252,32.488511474889,9.9580203946962e-07,2.59172600948359e-06
YFL046W,0.252719215950029,5.45597510465017,32.4789373156807,9.98598156363021e-07,2.59789216822103e-06
YDR152W,-0.274576130260471,7.12040770847125,32.4738550388915,1.000085768468e-06,2.60065038509735e-06
YKL006C-A,0.359060096140583,4.60599272630815,32.4714241557898,1.00079812302808e-06,2.6013911057778e-06
YOR320C,0.269642334960194,6.24837018703381,32.4274923307021,1.01376411197401e-06,2.63396866838678e-06
YLR325C,-0.326154931403961,9.7270065271942,32.4255627912064,1.0143376141139e-06,2.63433392312552e-06
YGR132C,-0.271709368223979,7.71680009571031,32.4209204569275,1.01571881280534e-06,2.63679563819134e-06
YNL098C,-0.441672010697455,8.95015463100215,32.3790603670885,1.028262502805e-06,2.66822060962406e-06
YKL015W,0.207144824353832,6.12425958321943,32.3761486504243,1.02914103761824e-06,2.66936198376258e-06
YIL145C,-0.193546971079434,6.87132063087764,32.36813875781,1.0315618751766e-06,2.67450106964194e-06
YLR220W,0.226421401206702,7.26902518505114,32.366678968082,1.03200371135299e-06,2.67450706285475e-06
YGR013W,0.247598751462401,6.32642287148999,32.3616772616213,1.03351908787666e-06,2.67729401861622e-06
YMR189W,-0.954000773108893,5.82580330343598,32.3600381876994,1.0340161883642e-06,2.67744191753028e-06
YDL001W,0.292463498626488,4.85364524313624,32.2889906731563,1.05580619902105e-06,2.73270128500345e-06
YGR071C,-0.334942760242825,5.22040537618165,32.2552992866215,1.06630691924281e-06,2.75870646411245e-06
YLR291C,-0.30762984077522,6.08360553952625,32.2252108442756,1.07577722087315e-06,2.78202481471021e-06
YGR254W,-0.476606411969124,12.5861313478496,32.1996232653828,1.08390022965342e-06,2.80184065311854e-06
YOR144C,0.321172727621844,4.18032087411888,32.1778925657411,1.09084930950156e-06,2.81860638994352e-06
YDR490C,0.198966318180142,6.35467265092622,32.1685767618286,1.09384261622004e-06,2.8251410525038e-06
YMR184W,0.292528175228459,5.16004414823065,32.133035711408,1.1053417835557e-06,2.8536295090948e-06
YJR115W,-0.65014644305861,7.32443386890293,32.123768360698,1.10836097366875e-06,2.86021057030294e-06
YDR243C,-0.232629376052641,4.63962542497934,32.107497992695,1.11368258637312e-06,2.87272511152201e-06
YFR052C-A,-1.07530977709106,4.66639542427729,32.0704864325164,1.12588808394843e-06,2.90297838594329e-06
YLR423C,0.407534629483713,4.00752224365567,32.0605762246684,1.12917996194721e-06,2.91023298113034e-06
YCR090C,-0.194323761396402,5.92259509469558,32.019032524963,1.14308970917974e-06,2.94483525840759e-06
YOL006C,0.503808140449879,6.2167653985094,32.0098349680923,1.14619346250466e-06,2.95158155706342e-06
YGL208W,0.438941121236033,6.0455747214099,31.9598803643975,1.16320579813409e-06,2.99412321558627e-06
YML080W,-0.521135380076458,3.98253040600159,31.8914227834895,1.1869504009138e-06,3.05395060869365e-06
YJL145W,0.272394812911893,6.40036223304892,31.8676010803434,1.19533166623869e-06,3.07421521093088e-06
YMR072W,0.244571702399488,7.42127468972472,31.8566548618153,1.19920368486364e-06,3.08287047840949e-06
YLR294C,0.450276865115587,4.91970095518923,31.8501402421955,1.20151434626834e-06,3.08750624875121e-06
YBR057C,0.236276026234275,6.52393713586494,31.8422164065356,1.20433113123504e-06,3.09343813151762e-06
YFR020W,0.228645091592132,5.70750766612881,31.8147550717778,1.2141468277054e-06,3.1173347875896e-06
YDR023W,-0.329757964529222,8.81743228618479,31.7847416417756,1.22497069301846e-06,3.14379867862392e-06
snR44,-0.625209411335164,4.13728875051507,31.6349816867353,1.28051089009917e-06,3.28495310550315e-06
YJL178C,0.147654782561252,7.05032897886483,31.6110987997462,1.28960931863771e-06,3.30689958024039e-06
YDR107C,0.174386259756331,5.53290293240452,31.608973045102,1.29042242344048e-06,3.30759075258438e-06
YOR098C,-0.319264457164742,6.73049698193396,31.5955304647351,1.29557669076057e-06,3.31940385822234e-06
YMR027W,0.213849727333897,7.43635818254513,31.5712862439285,1.30492723623123e-06,3.34195380154337e-06
YFL033C,-0.208518208388091,6.73970904749703,31.5590420871057,1.30967643382142e-06,3.3527055531356e-06
YHR114W,0.233922802454465,6.84461015848271,31.507939661975,1.32969420062014e-06,3.40251859157846e-06
YER083C,0.275189331340695,6.9974560318544,31.4681382661701,1.34550716617745e-06,3.44153472307264e-06
YNL128W,0.48338062478116,2.70848045714654,31.4444875807244,1.35499674631112e-06,3.46435092491731e-06
YLL063C,0.264301648344226,4.37283143406332,31.3524213612313,1.39261053021641e-06,3.55823051645943e-06
YLR354C,-0.235114129451706,9.37421021236219,31.3517592208521,1.39288497784821e-06,3.55823051645943e-06
YKL006W,-0.377138225520185,10.216529818591,31.3301291390935,1.40188157725943e-06,3.57971019623317e-06
YBR055C,0.322627544029642,5.74916940994997,31.3226403222427,1.40501057597189e-06,3.58619519915643e-06
YHR182C-A,-0.953614102028613,2.16960377523735,31.290912403717,1.41834864529172e-06,3.61872180570235e-06
YJR068W,0.155966003285355,6.5548042486291,31.2842958675403,1.42114684934841e-06,3.62365104148219e-06
YNR020C,0.209050084296363,5.50603409962776,31.2835287219868,1.42147165752144e-06,3.62365104148219e-06
YER074W,-0.332759049571681,10.4488494263599,31.2454995148479,1.43767108609399e-06,3.66341229433916e-06
YER093C-A,0.351188461556804,4.55817945854235,31.1659369171944,1.47219167514651e-06,3.74980592016179e-06
YDR199W,0.792621818277749,1.4213440344704,31.1024059201375,1.50037989949697e-06,3.82000489056029e-06
YGL227W,0.239088066774862,7.0020000043027,31.0993378502319,1.50175541595663e-06,3.8219078653685e-06
YNR063W,-0.526055032756736,2.56694387080932,31.0965195711306,1.50302010765836e-06,3.82352732236668e-06
YJL225C,0.387580051067081,6.89003164733656,31.093629157877,1.50431832880786e-06,3.82523068566479e-06
YDR147W,0.329323640974043,5.21460237056623,31.088681015834,1.50654350195531e-06,3.82928872573018e-06
YCR076C,0.359445396627607,5.82660086224863,31.0484752342314,1.52475238761185e-06,3.87395335224138e-06
YIR030C,0.439890482812905,2.0812280126001,31.037933865673,1.52956455607334e-06,3.88455773109611e-06
YHR133C,-0.172631946928774,6.94439670361012,31.0330502612486,1.53179932991945e-06,3.88861031395906e-06
YLR289W,0.24519917849423,4.76256020075423,30.9344646371922,1.57765228211732e-06,4.00334200862547e-06
YPR002W,0.541478288795465,4.25789821596185,30.8915924479529,1.59803919579519e-06,4.05338412105616e-06
YGR011W,0.582026575505578,2.20776268253769,30.8506451645705,1.61776866766442e-06,4.10171764280749e-06
YBR002C,-0.277036338111711,5.6932523060043,30.8474551559382,1.61931637843174e-06,4.10393176291425e-06
YER172C,-0.317245004500051,6.53493074384881,30.8242383022037,1.63062745715293e-06,4.13015985674124e-06
YOR228C,0.307605404785754,5.06160233214114,30.8234297529278,1.63102286536552e-06,4.13015985674124e-06
YDR491C,-0.713633761668588,2.41941755805699,30.7924747314439,1.6462367507505e-06,4.16695117650449e-06
YMR129W,-0.27174557177813,6.54969622724724,30.7865103608448,1.64918519223975e-06,4.1726785425276e-06
YJL056C,-0.254791624013941,4.97599435657053,30.7737748338528,1.65549944557495e-06,4.18691360196325e-06
YPR049C,0.363485758030889,4.65091474551039,30.7272077290682,1.67880389242002e-06,4.24408877664138e-06
YHR072W,-0.210220907743142,6.79065413057365,30.6989240915842,1.69312601878575e-06,4.27851819946481e-06
YNL066W,-0.298293811100714,8.28102607962608,30.6484800376788,1.71898841091231e-06,4.34206910768013e-06
YBR052C,0.32992897489752,8.06125108438365,30.6438969244675,1.72135857820902e-06,4.34568173152739e-06
YLR467W,0.367536539171077,7.14499392515304,30.6429534095698,1.72184694407766e-06,4.34568173152739e-06
YNR055C,-0.195570485667889,7.07674890542772,30.6260696029876,1.73061064193555e-06,4.36598911947671e-06
YNL191W,0.304177187767231,5.11225509271086,30.6246447947765,1.73135233796975e-06,4.36605013532778e-06
YPR011C,0.223729645673696,5.99744482506888,30.619482863993,1.73404221614775e-06,4.37102190772951e-06
YML024W,-0.274199727595672,9.91841466879952,30.6131789046529,1.73733314670023e-06,4.37750401559871e-06
YOR244W,0.333804908079163,5.38418785671814,30.5436392066779,1.7740732517612e-06,4.46822671232073e-06
YOR226C,0.388822522684524,5.86495374616013,30.5326631623856,1.77994626343647e-06,4.48116384485351e-06
YDR224C,-0.264424825712884,9.67446625955769,30.5239568270328,1.78461930123508e-06,4.49107049132152e-06
YGL009C,-0.250135739806099,8.765888164657,30.5019326561458,1.79649805309801e-06,4.51909493720603e-06
YLR323C,0.275333396101372,4.40088132870459,30.4915226393419,1.80214151800434e-06,4.53141782522992e-06
YPL006W,0.256518351962581,6.55568196698967,30.4498744541042,1.82490632913564e-06,4.58676373927731e-06
YLR243W,-0.34737197490767,5.11881454767874,30.4225496954621,1.84000557139953e-06,4.62280507925936e-06
YBR039W,0.23972506765457,7.55209699077938,30.3934920747023,1.85620611609608e-06,4.66158242527637e-06
YJR085C,0.50023888750931,7.78043317713988,30.3644270430811,1.87256042004452e-06,4.70071376071408e-06
YIL044C,-0.204552081811669,5.96801790918117,30.3486881515351,1.88147934358297e-06,4.7211553837948e-06
YHL043W,0.346888183984611,3.68832425783843,30.335696966346,1.88887473722366e-06,4.73775876999421e-06
YHL039W,-0.512404525260753,5.55009351475853,30.3340071510033,1.889838922547e-06,4.7382240806339e-06
YDR418W,-0.21759853799756,8.12595326683109,30.3104548273752,1.90333138695604e-06,4.77008710445943e-06
YLR119W,0.400180016276267,4.42574315397776,30.3071207068306,1.90524955379784e-06,4.77292858578009e-06
YER182W,-0.298339112053034,5.62074601867783,30.3020163079216,1.9081901134057e-06,4.77832791772579e-06
YKR037C,0.249000344411976,4.36890789228751,30.2609542006796,1.93201906946113e-06,4.83600824256314e-06
YJR117W,0.193779520683228,7.48442990314738,30.2577430850223,1.93389563004143e-06,4.83871501184297e-06
YER013W,0.268255478048084,5.69650500066298,30.2477194121158,1.93976571594906e-06,4.85140747289356e-06
YCR018C-A,-0.526448534155914,2.39300497729674,30.2258283190207,1.95265065394299e-06,4.88162663485748e-06
YIR036C,0.541486029270222,6.70517050351021,30.1780101147497,1.9811091045643e-06,4.95073876849024e-06
YMR134W,0.342608198319779,5.05599015931665,30.1752188140015,1.98278368653585e-06,4.95288946328844e-06
YFL016C,-0.298407067937154,7.33063027871091,30.1651581691414,1.98883167928373e-06,4.96595846058331e-06
YAL021C,-0.255179320864829,7.11020751887549,30.1582415526093,1.99300084236448e-06,4.97432736906803e-06
YJR094W-A,-0.308186757592533,9.35169436915906,30.1548723493948,1.99503503066636e-06,4.97736291988716e-06
YPL271W,0.449043512102352,6.58414353068946,30.148600248589,1.99882766954567e-06,4.98478129884649e-06
YER138W-A,-0.852016570368512,1.85270337658999,30.0913311072032,2.03380894666635e-06,5.06994159789625e-06
YMR044W,0.237341205327986,6.48116461924568,30.0815904750716,2.03982231375865e-06,5.08284962294079e-06
YOL101C,-0.569505120477991,5.59700464156166,30.0761241880434,2.04320508025977e-06,5.08919480695075e-06
YBR286W,-0.307001224063176,10.1383303922183,30.056942620389,2.05512202866781e-06,5.11678295599166e-06
YDL052C,-0.314564894151895,7.39555038794826,30.0302485942233,2.07182762504941e-06,5.1562662979246e-06
YLR134W,-0.357510004338027,6.36549937933846,29.9152208029324,2.14545900191179e-06,5.33733361677565e-06
YOR389W,0.290928065912572,4.49555310439461,29.9120751405932,2.14751071456681e-06,5.34025447410668e-06
YHL018W,-0.750078344954586,1.72105804502501,29.9058682140558,2.15156512739897e-06,5.34624430791484e-06
YLR118C,0.22533832817633,5.86180904706891,29.9056976831224,2.15167663271708e-06,5.34624430791484e-06
YGL262W,0.845460784738312,0.513962758767398,29.8738905693884,2.17258070014209e-06,5.39598104504677e-06
YML094W,-0.255125462414145,4.38527180857973,29.8688121315028,2.17593797684672e-06,5.40211447944198e-06
YLR376C,0.293069199600562,4.43072385937808,29.8561602281487,2.1843256257081e-06,5.42072652219975e-06
YDR307W,0.203497729060001,5.6812705723362,29.8377002528503,2.19662461699436e-06,5.44902600669003e-06
YNL151C,-0.333256048660148,6.62213506482766,29.7474045887932,2.25783887735632e-06,5.59859395628086e-06
YGL092W,-0.304729284423348,6.87114126240787,29.6753634844929,2.30795931790806e-06,5.7182290333362e-06
YGL224C,-0.350651579719994,5.85072059117028,29.6753545977371,2.30796557204169e-06,5.7182290333362e-06
YBR084W,-0.366436684447082,7.82978820628807,29.6387808985443,2.3338557363793e-06,5.78002122745951e-06
YGL030W,-0.307792339944137,11.2735562552106,29.6100964128432,2.35437414473395e-06,5.82846487823681e-06
YLR466W,0.410378094884342,7.27985403413266,29.5116770066526,2.42622421998523e-06,6.00389360659215e-06
YNL200C,0.418379395904585,6.34825864855496,29.4840117241651,2.44683214989476e-06,6.05057941146454e-06
YGR274C,0.247173642110852,6.40253524757991,29.4836817729068,2.44707903559807e-06,6.05057941146454e-06
YMR290C,-0.482690076618995,7.01704208585843,29.466324726261,2.46010331601285e-06,6.08031221687173e-06
YKR057W,-0.486748345768217,10.1110840408413,29.4195769334045,2.49554434310876e-06,6.16540289395729e-06
YDL160C,-0.404418468002992,6.66557409297075,29.3969632826037,2.51288017289358e-06,6.20571260229604e-06
YOL054W,0.284229873809507,5.6980410893924,29.3103985644411,2.58041680632942e-06,6.36991329270366e-06
YOR279C,0.236196341462939,4.64109345509856,29.2934639643984,2.59385002491959e-06,6.40047745402907e-06
YNL092W,0.491330749066786,4.23854144569848,29.2395444490985,2.63711163333053e-06,6.50459030758666e-06
YAR019C,0.239947123330211,5.25205176978039,29.2148828215568,2.6571500230967e-06,6.551360571533e-06
YOL155W-A,-0.874019782788434,1.03974094544971,29.2032416948971,2.6666642173153e-06,6.57215543230605e-06
YJR112W-A,0.576189002791479,6.18219702441209,29.1746286087369,2.69020152654721e-06,6.62748027896346e-06
YER105C,-0.272678105706988,6.76966871354574,29.1702306646257,2.69383856884251e-06,6.63375463027384e-06
YLL066C,0.423627198585678,7.10118756305117,29.1463044787044,2.7137157162525e-06,6.68000005396296e-06
YNL169C,-0.204036629796686,6.17133787895803,29.1387338786362,2.72003711379992e-06,6.69285314899819e-06
YNL162W,-0.371810962537295,9.84986330659428,29.1059965369106,2.74755078456337e-06,6.75781993697174e-06
YGL253W,-0.238850374555863,11.5196377362878,29.0996347857297,2.75293120650285e-06,6.76831773396761e-06
YGR165W,-0.214613833785231,5.54444948106725,29.0818326058727,2.76804609775024e-06,6.8027304138975e-06
YGR056W,0.308733450127472,6.14864684211572,29.0703299088835,2.77785867554522e-06,6.82408964097402e-06
YBR175W,0.221950667730035,5.30593556056337,29.0592420472063,2.78735189090372e-06,6.84464739957593e-06
YML054C,0.321989044845945,4.40387831461385,29.0321419402047,2.81069790959552e-06,6.89919192411808e-06
YNL009W,0.402328492693298,4.26445868744759,29.029897762359,2.81264037707262e-06,6.90117608648666e-06
YPL050C,0.179837186435141,7.44309061508208,29.0071722157587,2.83239013469844e-06,6.94683352262798e-06
YER046W,0.356948660514677,5.02490409632056,29.0045002064397,2.83472179164482e-06,6.94975104841206e-06
YIL163C,0.630921475296897,2.11752978823897,28.9872219331819,2.84984786713519e-06,6.98402105175903e-06
snR4,-0.53099646687417,3.18441058753407,28.9783649419215,2.85763440325022e-06,7.00028395482189e-06
YBR136W,0.209069522435258,5.38614012010021,28.9661917741086,2.8683727326189e-06,7.02376180200644e-06
YMR069W,-0.627448049832358,1.84313756088998,28.9639115569103,2.87038888255375e-06,7.02587142008832e-06
YLR386W,-0.176471328189577,5.65076804060516,28.9420550285241,2.88978978595687e-06,7.07051501710797e-06
YBL080C,0.246681911154918,5.18016713494432,28.9048990533297,2.92308733980805e-06,7.14911031460289e-06
YNL281W,-0.351864778056957,6.7581906592413,28.836157244868,2.98575551598266e-06,7.29944649045981e-06
YCR075C,0.378445546553456,5.62416661052162,28.8281763337281,2.99312200014902e-06,7.31451701642843e-06
YER147C,0.325621179029348,5.839448270192,28.7262227260789,3.08892097823232e-06,7.54559781314478e-06
YCR045C,-0.271339456694543,5.07178026369177,28.7180391791348,3.09674860231313e-06,7.56168348518275e-06
YGL180W,0.254497705801956,5.46288258104811,28.7051533297497,3.1091161920156e-06,7.58883755652423e-06
YHR049C-A,-0.335792338912272,3.11296856810127,28.6864455969581,3.12716374814869e-06,7.62982815055525e-06
YIL160C,-0.355822313740328,3.91866971619303,28.6159012347915,3.19621266762184e-06,7.79517197694544e-06
YNL085W,-0.335332829365372,6.94907423092769,28.6143110984342,3.19778739082337e-06,7.795887929952e-06
YPL247C,-0.322781474178452,7.06170141990862,28.5763934920171,3.23557939793685e-06,7.88486208908518e-06
YOR175C,-0.239835486801836,7.29921128026589,28.5742535064986,3.23772620471604e-06,7.88693513038314e-06
snR85,-0.761094062531375,1.66950133418929,28.5661086866561,3.24591065339543e-06,7.90370801356991e-06
YMR052W,0.438359178814075,3.26661398018185,28.5306652861027,3.28177987401346e-06,7.98785221334876e-06
YHR022C,-0.459492731230215,2.78622493265058,28.4978898798968,3.31531893036466e-06,8.06625977259854e-06
YPR141C,0.399952423145124,4.54359616727052,28.43860662921,3.3768994522906e-06,8.21280302445577e-06
YFR039C,0.229354726859382,5.82714576811348,28.4277460011331,3.38831030254911e-06,8.23453538909841e-06
YHR025W,-0.328001506544684,8.18827926097445,28.427526100613,3.38854176077279e-06,8.23453538909841e-06
YOR014W,-0.157597666399529,7.74838480855916,28.4165000350482,3.40016862152046e-06,8.25915318684877e-06
YNL079C,0.230684481379831,9.12519617840199,28.4153472149863,3.40138666988382e-06,8.25915318684877e-06
YBR133C,-0.187671567557292,6.0624696412853,28.397302466689,3.4205121519502e-06,8.30228019330553e-06
YMR173W-A,-0.522977555413199,3.5189474540246,28.3873412776003,3.43111820004323e-06,8.32470265042387e-06
YLL048C,-0.320365643402755,7.65103541958983,28.380300406243,3.43863567077581e-06,8.33961660289788e-06
YHR155W,-0.284461721867781,5.43345280509135,28.3748379089171,3.44447982063611e-06,8.35046203528713e-06
YHR161C,0.323499556094774,7.69690805800063,28.3618672397869,3.45839847835528e-06,8.38086608554037e-06
YKR072C,-0.305079075524119,7.47583962654061,28.2538947314717,3.57657616387235e-06,8.66380014218282e-06
YER080W,0.317150435738713,6.91856351700969,28.2400008350557,3.59208791114894e-06,8.69791282902558e-06
YDL091C,0.225588698575153,5.59999593028986,28.2312483892244,3.60189571649418e-06,8.71819229708318e-06
YGL178W,-0.348259827392721,6.110134810412,28.1869085155848,3.65201522821056e-06,8.83598913068041e-06
YMR077C,0.223824317216001,4.71985173115619,28.1725320489999,3.66842217811685e-06,8.87215777179691e-06
YKL038W,0.25989798391517,6.97551763286874,28.1503528559677,3.69388562332515e-06,8.93019229953657e-06
YNR051C,-0.390328382960377,7.55117327398158,28.1148054114827,3.73508408118673e-06,9.02620597062004e-06
YBR218C,-0.41816403267572,8.51786112416174,28.1130165656303,3.73716999048393e-06,9.02766152921583e-06
YMR275C,0.178492927667971,6.80741889623885,28.1097780484978,3.74094941722443e-06,9.0332052396074e-06
YMR057C,0.601293496908199,1.59083224342869,28.0892818766682,3.76496205976354e-06,9.0875819649588e-06
YER123W,-0.213237330779161,5.85116923333077,28.0878233596427,3.76667695769915e-06,9.088116291673e-06
YGR285C,-0.233836030570171,9.68460019902568,28.0572966370807,3.80275829664975e-06,9.17153556683065e-06
YMR105W-A,0.460305190326934,1.67098920538729,28.0200893381874,3.84722639063405e-06,9.27510799802225e-06
YDR473C,0.337470063987338,5.21020322323975,28.011068930826,3.85808896694597e-06,9.29761242133316e-06
YLR029C,-0.303806080937372,10.998508869077,28.0077201249311,3.86212985437956e-06,9.30366593978607e-06
YPL269W,0.298226558417817,4.75319676872554,27.9993779711019,3.87221534731578e-06,9.32427003894598e-06
YPR054W,0.22737146329224,4.62686880532509,27.9790247357861,3.8969380326949e-06,9.38009016176759e-06
YPL092W,-0.632261858872053,6.13284163071997,27.9589889038361,3.92143685533478e-06,9.4353275068059e-06
YGR286C,-0.417194823717406,6.74023412303813,27.9390412112288,3.94598836281606e-06,9.4906479002908e-06
YFR031C,0.3069521271135,6.27599719937018,27.9113483667,3.98034004130817e-06,9.56948603372589e-06
YDR146C,-0.249782641834528,5.74433152157577,27.9079070811306,3.98463064482267e-06,9.5760179596153e-06
YLR419W,-0.452267377322259,5.31430543729261,27.8966952743891,3.99864322019039e-06,9.60589972161805e-06
YPL160W,-0.313120829200262,8.51488130953583,27.8866406517262,4.01125348303225e-06,9.6323904673446e-06
YJL013C,0.269515205545646,5.48211435395501,27.8767942646406,4.02364299493123e-06,9.65833042373039e-06
YPR094W,0.283736730275426,4.25887877345507,27.8634692459329,4.04047352032545e-06,9.69490590346229e-06
YOL107W,0.373587246689922,4.61028594349101,27.8612925408039,4.04322987252112e-06,9.69769561462002e-06
YLR188W,0.18784752699608,6.68720121453231,27.8427697196936,4.06676515801347e-06,9.75030180713632e-06
YGR190C,-0.669706682009802,1.47627798023622,27.8332189421317,4.07895655499533e-06,9.77254092250129e-06
YNL294C,0.266310966022613,7.40998816261024,27.8329871513025,4.07925290766693e-06,9.77254092250129e-06
YOR021C,-0.224575462584262,7.01049942261667,27.7923947286051,4.13150149386123e-06,9.89381605279245e-06
YEL067C,0.496792639522184,3.58040091130391,27.7879298726648,4.13729111920792e-06,9.90378302926051e-06
YLR210W,0.281546689791728,4.30212457268964,27.7311273175778,4.21169460707654e-06,1.00779243743849e-05
YPL164C,0.20052232714348,5.30861951555928,27.7234216594676,4.22189550010036e-06,1.00983624678108e-05
YIL074C,0.36451329706357,7.86546069902498,27.6956411591631,4.25888740265203e-06,1.01828408035904e-05
YDR354W,0.326972289500305,6.85955717608594,27.6365502938173,4.33870623325831e-06,1.03696101450812e-05
YIL109C,-0.214518448355369,8.4003120868363,27.6307722370936,4.34659486458778e-06,1.03843854538738e-05
YHR194W,0.266155064406474,6.10550853901627,27.6268566484095,4.35194926386179e-06,1.03930970449761e-05
YJL127W-A,-0.540639618528903,1.80653065575361,27.6127149381361,4.37134510751209e-06,1.04353216866266e-05
YMR203W,-0.139565642638144,7.97185679383011,27.6076352573626,4.37833417127691e-06,1.04479072283216e-05
YNL273W,0.242795445540727,4.98380706225489,27.6036742924184,4.38379213842631e-06,1.04568307182768e-05
YOL035C,0.597022617561925,1.87876937237732,27.5517131736406,4.45605568229204e-06,1.06250387252144e-05
YKL191W,-0.409963811922548,6.78097858526728,27.5496408104006,4.45896353742061e-06,1.06278077262845e-05
YNR069C,-0.384200544647459,3.30880449260102,27.4824622130163,4.55431152825713e-06,1.08508166207692e-05
YMR157C,-0.178191179113874,5.29717025741804,27.4730507645201,4.56783915358236e-06,1.08783327476878e-05
YOR019W,0.445012008934307,5.6230539148972,27.4719416837611,4.56943607281677e-06,1.08783327476878e-05
YKL117W,0.294671093444545,9.66109807013833,27.4466844948332,4.60596174384932e-06,1.09610000826449e-05
YGR292W,0.401124236923754,4.70871579964924,27.3815265395136,4.70161051461881e-06,1.11842454970506e-05
YMR135C,0.230545164075157,7.68796507825166,27.3780432475251,4.70678210500797e-06,1.1192172375527e-05
YPL229W,0.260437908023581,4.56300544871385,27.3723216437724,4.71528983152525e-06,1.12080229003247e-05
YLR075W,-0.333118086192103,10.1451327774679,27.3066082127831,4.81416646919562e-06,1.14385798379755e-05
YNR008W,-0.202762943846279,6.25110925346196,27.3007350876932,4.8231087548914e-06,1.14553539318947e-05
YPL176C,0.211801430319875,6.69044143402828,27.2993198617288,4.82526614837139e-06,1.1456006442778e-05
YLR044C,-0.448857860633983,13.7235812722052,27.2535182196448,4.89563600390748e-06,1.1618543324406e-05
YIR044C,0.638688325937981,0.852023512163846,27.2368440054049,4.9215208034671e-06,1.16725400867462e-05
YER009W,-0.215656129060211,8.34124227331947,27.236391802066,4.92222479253752e-06,1.16725400867462e-05
YOR241W,-0.173602745119831,6.58955609918502,27.2046204020677,4.97195170851654e-06,1.17858691649097e-05
YOR247W,-0.372108720866488,8.2169651795454,27.1650445565363,5.03463148136418e-06,1.19298024003509e-05
YMR137C,0.296148257798747,4.53853324098047,27.1603621469558,5.04210205264059e-06,1.19428536357797e-05
YDR524C,-0.228670594696794,5.72228823662337,27.0975812872222,5.14339638940842e-06,1.21780416457394e-05
YHR141C,-0.392374981627486,9.98200296685199,27.0658854389714,5.19534475380168e-06,1.2296255475256e-05
YLR259C,-0.326984317557462,9.39055889213721,27.0248124047859,5.26348165094529e-06,1.24526772340599e-05
YLR345W,0.243544149499335,6.94363598210006,27.0162069963758,5.27787568925279e-06,1.24818785733009e-05
YIL050W,0.21676145654274,6.28427928073194,26.9389416264983,5.40897951826963e-06,1.27869620701906e-05
YDR150W,0.165197711277403,7.49372460965462,26.9107022116596,5.45774439470706e-06,1.2897232870599e-05
YGL031C,-0.332376622635771,9.59441730065596,26.8858523473036,5.50103739887788e-06,1.29944924581413e-05
YOR109W,-0.219230376265931,6.90872098656541,26.8048361763731,5.64470054314414e-06,1.33286778444052e-05
YER151C,-0.261481626184905,6.73396364878613,26.8032714132988,5.64751369888343e-06,1.33301477337881e-05
YDR056C,0.151560354401516,7.22327018612527,26.797109226919,5.65860647707766e-06,1.33511517692972e-05
YJR145C,-0.459506615979645,11.3412036215138,26.7940766502373,5.66407391592607e-06,1.33588720071357e-05
YJR075W,-0.168653259641242,6.9711761232162,26.7915287986488,5.66867172485834e-06,1.33645360115316e-05
YLR219W,0.221541331731909,7.39877672578899,26.7869895510957,5.67687287240305e-06,1.33786876175727e-05
YLR101C,0.611246214036516,2.16528997028259,26.7592504580575,5.7272607055182e-06,1.3492211147146e-05
YGR098C,-0.375831588866071,4.9229029720765,26.7217558848027,5.79611582885329e-06,1.36491349917075e-05
YLR167W,-0.391306092067697,12.3406141556565,26.7130441534003,5.81223799890138e-06,1.36818058890967e-05
YDL135C,0.252188677303102,6.20908785051031,26.6909054812695,5.85342038322497e-06,1.37734195792436e-05
YOR209C,-0.318055753792611,8.04715112563988,26.6765020898897,5.88037778727075e-06,1.38315032220883e-05
YOR338W,0.376385951328368,2.79257856101784,26.6518550628116,5.92680960639584e-06,1.39353309331216e-05
YGR083C,-0.36882076274041,6.65211546488716,26.5858586130059,6.05304125621793e-06,1.42266342387355e-05
YML010W,-0.37473819514455,8.07394628356028,26.5752679548026,6.07355911924869e-06,1.4269346424953e-05
YER103W,-0.253208009667698,5.8815396723542,26.5432567602121,6.13602071227668e-06,1.44105310822862e-05
YDR422C,-0.187938137999302,5.91095417681078,26.5263929232882,6.16919669650558e-06,1.44800600417901e-05
YHR014W,0.546808494085942,1.74364152850332,26.5255082023325,6.17094237982882e-06,1.44800600417901e-05
YOL119C,0.345712587196843,5.9358227754229,26.5245847091838,6.17276511888306e-06,1.44800600417901e-05
YNL076W,0.211322517762496,6.58149442951256,26.5086993771179,6.2042072333002e-06,1.45482084834804e-05
YEL041W,0.301759570652027,4.32485493833351,26.4964544193678,6.22855849374528e-06,1.45996835263636e-05
YLR263W,0.457429471947489,4.02964169508025,26.4760322989474,6.2693947102647e-06,1.4689744633023e-05
YLR450W,0.185352524200706,7.68296466270042,26.4635101806223,6.29457279348346e-06,1.47430621433206e-05
YLR069C,-0.240246168939701,6.90568063511151,26.4257263324565,6.3711890479672e-06,1.49167700488189e-05
YGL077C,-0.283709005562017,7.59420159200634,26.411137435052,6.4010328370558e-06,1.49808787744171e-05
YLR223C,-0.536536987572894,5.59773049550774,26.4042526259167,6.4151676315358e-06,1.50081872502481e-05
YPL116W,0.242096729227084,6.22927565067652,26.3690334997942,6.48798766419317e-06,1.51727151947023e-05
YOL055C,0.193052445267578,5.34478767948953,26.3657636640199,6.49479229978337e-06,1.51827933707959e-05
YPL213W,0.209483021476586,4.76470957465813,26.3327595496016,6.56389542706308e-06,1.5338442270998e-05
YOR086C,0.247041682681731,8.33899970748656,26.3315272754697,6.56649041250883e-06,1.53386158004285e-05
YNL256W,-0.335586755654735,6.17453862408912,26.2980065564582,6.63749428748159e-06,1.54926230703908e-05
YMR088C,0.150273565572058,6.61617450564748,26.2979976377821,6.63751328586833e-06,1.54926230703908e-05
YDR236C,0.26043938494071,5.86767385917104,26.2713846872828,6.69445841780771e-06,1.56195473436963e-05
YHL025W,0.469552722289139,7.89716902917832,26.2279121835226,6.78858344055308e-06,1.58330893966138e-05
YOR154W,0.364078294828974,5.02190580664912,26.2083444672105,6.83140268249123e-06,1.59268526141606e-05
YKL114C,0.224064240603479,6.10274300710814,26.2015706720999,6.84629141824273e-06,1.59554512753761e-05
YEL031W,-0.158060889505504,8.80742944765116,26.190205170113,6.87134917711803e-06,1.60077181251008e-05
YLR063W,-0.715296376092993,2.57407271444112,26.1854140663977,6.88194102288049e-06,1.60262576059042e-05
YPR086W,-0.203864694552068,6.90432657773003,26.1461115303338,6.96947737672787e-06,1.62238981780372e-05
YNL155W,0.232474345640943,6.72531083201825,26.1288823407856,7.00821838518868e-06,1.63078427815958e-05
YIR022W,0.210721821432965,6.89305693012245,26.1272188253194,7.01197084943022e-06,1.63103373925011e-05
YIL112W,0.177162329484351,6.84710539778511,26.1182666452274,7.0322008831403e-06,1.63511434367248e-05
YBR096W,0.250095298146301,6.18871435424216,26.1101474816025,7.05060140628929e-06,1.63876659882622e-05
YGL039W,-0.284702805842033,6.42664092119276,26.0478686151772,7.19343451053856e-06,1.67132680399493e-05
YDL132W,0.165451009368826,7.64220671944082,26.0298970588606,7.23521303108214e-06,1.68039203412728e-05
YKR012C,0.685870081706839,1.26267118067321,26.0168111192717,7.26579399840105e-06,1.68685068600803e-05
YKL082C,-0.651930236233726,5.80748099060257,26.0076885625351,7.2871929691572e-06,1.69117350180479e-05
YGL161C,0.279539731276436,7.58162987263754,25.9609797967969,7.39779898973547e-06,1.71618783273124e-05
YBL095W,0.420740155396633,4.43298930273566,25.9523402699521,7.4184495390674e-06,1.72032261605279e-05
YGL258W-A,0.476914741418593,1.67390427005319,25.9480912280773,7.42862794058491e-06,1.72202670546511e-05
YDL210W,0.341613451270642,3.23045115668063,25.9447204662515,7.4367128761256e-06,1.72324439646703e-05
YLR456W,0.39240943978306,3.40507842791577,25.9160625653719,7.50582410688516e-06,1.73859686678326e-05
YNL099C,-0.166066766335709,5.87456248829039,25.9047976122408,7.53317472621217e-06,1.74426819668954e-05
YLR287C,-0.438902425424817,4.58577245411845,25.9016484869108,7.54083928895605e-06,1.74537873995046e-05
YEL025C,0.186402793972664,6.25200199961531,25.8937121805507,7.56019152759218e-06,1.74919260248663e-05
YPR082C,0.273573008898923,5.33068349762847,25.8730910032005,7.61071899202018e-06,1.76021379956073e-05
YOL041C,-0.592557456008947,6.19792167395174,25.8679416556606,7.62339146225896e-06,1.76247481184824e-05
YLR335W,-0.155265107527442,7.22513872329104,25.8649295463629,7.63081447609901e-06,1.76352093000617e-05
YOR023C,0.235255395544458,6.76698397744926,25.8555978396262,7.6538596031001e-06,1.76817523480881e-05
YDR012W,-0.315334222857909,10.627121222036,25.8297996752977,7.71795009152376e-06,1.78230460367826e-05
YDR535C,0.608342142284655,1.54814682137361,25.8280862581954,7.72222662363252e-06,1.78261566786054e-05
YOR250C,0.203383925040712,5.65945989234241,25.8209324020901,7.74010885941576e-06,1.78606607544728e-05
YML130C,-0.257448928857726,6.71339511869658,25.8058753337083,7.77788851116733e-06,1.79410354778064e-05
YIL096C,-0.738470650094705,3.88239874364579,25.7987292532624,7.79588634718745e-06,1.7969642611551e-05
YIL088C,0.199444073596591,7.44936896332972,25.798606206489,7.79619663015525e-06,1.7969642611551e-05
YBL113C,0.493787873066669,7.04324921632015,25.7972963868836,7.79950036164401e-06,1.79704504735342e-05
YMR154C,-0.232243449174146,4.54573876864662,25.7925259319782,7.8115452002683e-06,1.79913900619351e-05
YBR009C,0.217016130569301,9.54298665587226,25.7855779129841,7.82912304071778e-06,1.80250524792916e-05
YKL211C,0.269769735472851,7.27416131833695,25.7720518079654,7.86346191451245e-06,1.80972638993223e-05
YDR377W,0.251965822030424,6.53253657428,25.7696389532334,7.86960403867036e-06,1.81045522023853e-05
YLR459W,0.218151608381928,5.91870191206187,25.7190013636543,7.99967378076694e-06,1.83968310491182e-05
YDL129W,-0.391479955112481,3.39839623848943,25.6450190386475,8.19377560642259e-06,1.88360878598721e-05
YJR139C,0.214798134935195,8.90908950902058,25.5797747143708,8.36905140909051e-06,1.92296163889503e-05
YPL227C,-0.207130954618011,5.88253041349831,25.5789534955697,8.37128246743293e-06,1.92296163889503e-05
YER059W,0.173235104977129,6.38328388944402,25.5373446441773,8.48514437476881e-06,1.94838126492333e-05
YGR251W,-0.405381740751143,4.36315175900191,25.4808897420202,8.64223547616538e-06,1.98351413262769e-05
YER095W,0.429947260112021,7.18291695589082,25.480024617802,8.64466635945545e-06,1.98351413262769e-05
YER069W,0.518099942993092,5.86521074416588,25.4690794328137,8.67548286757582e-06,1.98983464942325e-05
YBR197C,-0.291018012823937,5.05876341324562,25.4460636579583,8.74066096956764e-06,2.00402871137223e-05
YKR087C,0.228138583502129,5.49219001645326,25.4078940931737,8.84988746577405e-06,2.02830754159078e-05
YOR265W,0.21604038516852,5.25378309238702,25.389812072729,8.90213001542979e-06,2.03951284427298e-05
YPL217C,-0.5403954839243,7.2376098697172,25.3808446120374,8.92815867463283e-06,2.04470626778851e-05
YJR120W,-0.556757385941596,2.58592145703628,25.3794762321224,8.93213750339146e-06,2.0448478821722e-05
YEL073C,-0.555279999592555,3.17984787153286,25.3717564046001,8.95461925973141e-06,2.04922370046881e-05
YLR068W,-0.760774043151366,3.90798833550942,25.3525486420493,9.01081420591541e-06,2.06130843770659e-05
YBR098W,0.234294100743419,4.41204397460671,25.3108847640499,9.13398266291496e-06,2.08869915459743e-05
YBR127C,-0.197071828574355,9.35841964225032,25.2793876593918,9.22826705814321e-06,2.10946675615332e-05
YNL284C,0.216464054918908,5.71058044626203,25.2415097072645,9.34300566917245e-06,2.13489258343651e-05
YHR035W,-0.331093755902168,3.58174421969721,25.2348879206228,9.36321732938885e-06,2.13870786221213e-05
YLR264C-A,-0.849605244505332,5.59069544334212,25.2240305378129,9.39645658795113e-06,2.14549487195807e-05
YPR088C,-0.28047813856822,7.39601843628466,25.2155436700111,9.42252481909675e-06,2.15064004216818e-05
YBR225W,0.267621248387725,5.57446519897902,25.1900683715333,9.50123120600501e-06,2.16779122191753e-05
YLL009C,-0.395139337491426,5.7598726502677,25.1707322627528,9.56143061312185e-06,2.18070859373488e-05
YDR488C,-0.380353054724394,5.0367474032166,25.1652249058614,9.5786498520749e-06,2.18361749205649e-05
YPR010C-A,0.386210009276576,4.22606539355775,25.1643584445671,9.58136187968912e-06,2.18361749205649e-05
YPL173W,-0.202423879015717,6.07914815457507,25.1187521088525,9.72525284074845e-06,2.2155808137759e-05
YBL106C,0.255634265411551,5.10433573881165,25.1135575317353,9.7417852569454e-06,2.21851659013895e-05
YJR057W,0.204139878218057,5.04694815936756,25.110857446952,9.75039026782113e-06,2.21964552112576e-05
YHR151C,0.22870568764002,5.11758268482868,25.0947345829501,9.80193908648633e-06,2.23054597386946e-05
YGR188C,0.378257916342106,3.53914421688993,25.0914248080974,9.81255657983302e-06,2.23212735657136e-05
YIL148W,-0.276119964452751,10.4891398752672,25.0714073217227,9.8770286994727e-06,2.24595364859086e-05
YKL046C,0.274983134600988,8.14810586389713,25.0654177502216,9.89640609403686e-06,2.24951927837932e-05
YLR025W,0.19034501143747,7.52795179188154,25.0599846310551,9.91401774980362e-06,2.25268103090198e-05
YPL123C,0.343818150194639,5.41420728604954,25.04114662923,9.97533684347573e-06,2.26576799897536e-05
YCR036W,0.238744697896239,6.38453048966818,25.0339928856677,9.99872690920607e-06,2.27023332994474e-05
YLR364W,0.358531481720939,3.2446916413278,25.0300159575213,1.00117548486325e-05,2.27234346340652e-05
YDR017C,-0.283247162131778,6.89879856658911,25.0088924147551,1.00812521067558e-05,2.28726394741272e-05
YDR485C,0.22765089526629,6.20162716230447,24.99922451638,1.01132284729947e-05,2.29366363243282e-05
YMR311C,0.195491728405194,7.91868877863114,24.9920351200945,1.0137076205196e-05,2.29821567468769e-05
YBR029C,-0.272783417606603,6.49489121281854,24.9907653554384,1.01412942286338e-05,2.29831565665685e-05
YDL054C,0.343278751015134,6.03825660091411,24.9754889118649,1.0192185499711e-05,2.30898915732471e-05
YKL036C,-0.837426568531769,2.52816136748988,24.96388748081,1.02310129167731e-05,2.31692272417434e-05
YML058W-A,-0.466446917908534,3.48094848459259,24.9538042654501,1.02648852201964e-05,2.32372866684877e-05
YMR156C,0.287795735195551,4.37130854211529,24.907242865524,1.04228304021526e-05,2.35860628475636e-05
YDR214W,-0.295685454526158,7.0822126733789,24.9005455149847,1.04457579485721e-05,2.36291587795767e-05
YNL023C,-0.392103803228068,6.06757358370121,24.894227435794,1.04674356009559e-05,2.36693963700545e-05
YER087W,-0.25891433722652,4.26936287704175,24.8909584313645,1.04786702402816e-05,2.3685998667204e-05
YDR396W,-0.558983294143547,2.18529515278329,24.8544592040074,1.06049701415579e-05,2.3962585707902e-05
YGR127W,0.21405636513719,5.56868721711364,24.827186291093,1.07003855752758e-05,2.41692079530636e-05
YAL013W,0.323953739768833,7.30361964130939,24.8149505731713,1.07434849572354e-05,2.42575532336837e-05
YNL094W,0.230203242638548,7.06495003187327,24.8009896140795,1.0792883866146e-05,2.43600513076774e-05
YDL084W,-0.194604554471392,8.98838789232185,24.7747014270397,1.08865487268519e-05,2.4562346682571e-05
YOL086C,-0.444438918411779,14.1539998433736,24.7350593596247,1.10294090580654e-05,2.4875446300344e-05
YHR198C,0.224376344851252,5.25930753019363,24.7258008273387,1.10630569513112e-05,2.49420902366538e-05
YKR006C,-0.183196050204609,5.81278159230573,24.7189830618182,1.108790329504e-05,2.49888487223402e-05
YNR030W,-0.166654849889855,6.16816675918969,24.7092556413204,1.11234548266562e-05,2.50596899741588e-05
YNL295W,0.189411603268268,5.45418448294293,24.6719396407694,1.12609493950083e-05,2.53600581305054e-05
YOR157C,0.204486137287798,7.88088490310102,24.6687320263007,1.12728510860166e-05,2.53774690560159e-05
YER020W,-0.352418708093543,7.65215119399599,24.6644637211078,1.1288708880184e-05,2.54037697987868e-05
YMR190C,0.183556168627405,5.90101831449885,24.6615619080417,1.12995031830942e-05,2.54186605800844e-05
YLL020C,0.859986870602615,1.4528189671545,24.6238786796225,1.14406664241353e-05,2.57267018443694e-05
YLR352W,0.233740787922231,5.712300436055,24.6101439957564,1.14925761584262e-05,2.58338847151915e-05
YJL143W,-0.220546634407045,7.71617486436013,24.5792671291301,1.16101782181993e-05,2.60814151290935e-05
YCR105W,0.328830220028004,3.90552360416114,24.578983062631,1.16112659958446e-05,2.60814151290935e-05
YKL127W,-0.164628603215379,7.12636421193776,24.5681874413762,1.16526850690583e-05,2.61647928580148e-05
YDL056W,0.259778400243097,5.91068947298811,24.5285678047543,1.18060248807872e-05,2.64910483471073e-05
YDR130C,-0.20341511484962,4.64977171613798,24.5283965206197,1.1806692377544e-05,2.64910483471073e-05
YLL045C,-0.29403479660718,10.2228000169492,24.5170487880658,1.18510029632542e-05,2.65806682754891e-05
YPL005W,0.299206380121195,4.38104653305436,24.514466561391,1.18611103748266e-05,2.6593535973036e-05
YLL021W,0.242756900788141,7.36318727712564,24.4956950619295,1.19348585480558e-05,2.67490291951822e-05
YDR363W-A,0.252744686006525,6.69748777656877,24.4888847316633,1.19617332747332e-05,2.6799391375829e-05
YDL221W,0.425970890373209,2.819900428177,24.4294410329579,1.21990209459115e-05,2.73209578416899e-05
YDL007W,0.185563275660442,8.6113376444514,24.4048002681394,1.22988249597442e-05,2.75343450625621e-05
YOR083W,-0.453695375511629,4.67494792352991,24.319411274754,1.26513599729337e-05,2.83131759600226e-05
YAR003W,0.143332800542961,5.92150791508119,24.2731103401467,1.28469342236418e-05,2.87402921878162e-05
YKL068W-A,-0.392113822431907,4.44461664602211,24.2595846072149,1.29046632825032e-05,2.88588298691776e-05
YOR262W,0.20853368724273,5.94546942203258,24.1599469128338,1.33384021538689e-05,2.98178461081162e-05
YER060W,-0.200536477716991,6.07546225206059,24.1188922438588,1.35215440277018e-05,3.02161569623817e-05
YKR014C,0.151318487520972,7.45112597374905,24.1171015849475,1.3529591816343e-05,3.02230419245401e-05
YHR203C,-0.435064382978715,11.0499693444774,24.1117213839709,1.35538023879345e-05,3.02660137726905e-05
YHR107C,-0.16035570624737,7.05047263901908,24.0997353762553,1.36079022317815e-05,3.0375673176959e-05
YER008C,0.18802612749355,7.10538409860733,24.0709812864808,1.37386118326296e-05,3.06561983870741e-05
YPL106C,-0.237721494636201,10.217730874451,24.0532832915763,1.38197171544038e-05,3.08258720251273e-05
YGR034W,-0.313397095700005,10.2387595188097,24.0498366600654,1.38355705221163e-05,3.08499254771262e-05
YLR368W,0.197153735545567,5.19685334665646,24.0257483427494,1.39469028125796e-05,3.10867778807864e-05
YIL022W,-0.153384835877286,7.60064302110566,24.0225319379994,1.39618394820215e-05,3.11086756675579e-05
YDR530C,0.29536231523098,6.81165222556198,23.9944373914164,1.40930234796402e-05,3.13894757956115e-05
YNL115C,0.307863364717573,6.75848599697909,23.985008364719,1.41373404314485e-05,3.14766617363206e-05
snR11,0.419326909165474,4.25345057734033,23.9711420199561,1.42027787937257e-05,3.1610793328391e-05
YPR186C,-0.272643073651151,4.29288175312653,23.9601992586227,1.42546444126648e-05,3.17146293422541e-05
YLR363W-A,-0.740100272337918,3.78915924069682,23.9376295576332,1.43622469961485e-05,3.19423512322966e-05
YJR116W,0.376697593969135,6.64095331487381,23.9048753310934,1.45199230622082e-05,3.22812319450262e-05
YGR033C,0.179588633030844,6.25619453902917,23.8897058926496,1.45935617307534e-05,3.24330982949723e-05
YMR065W,0.266237449023923,4.13377905951991,23.8878829923175,1.46024371686237e-05,3.24409748707831e-05
YMR110C,0.224643365254573,7.09896608805733,23.8053199966706,1.50104200269313e-05,3.3335184621853e-05
YLR252W,0.384954821760638,3.50300901604036,23.7947394927024,1.50635612888856e-05,3.34409961484381e-05
YNR024W,-0.399749515791122,3.36298528920194,23.7818573815002,1.51285290854768e-05,3.35617007742321e-05
YDL108W,-0.212744884589265,5.28636243889768,23.7817713636383,1.51289638822874e-05,3.35617007742321e-05
YCR024C-B,-0.892888642386671,8.36455492838112,23.7664362692668,1.52066884899825e-05,3.37218292498337e-05
YMR158C-A,0.425096501476393,3.0460314081093,23.7210924640154,1.54389699466625e-05,3.42244561477017e-05
YBR251W,-0.136386102142311,5.6447552326873,23.7173574960972,1.54582681722265e-05,3.42547566744348e-05
YGR269W,-0.519453240822845,1.34454281348776,23.6916798303284,1.55916291757806e-05,3.45377005950583e-05
YGR088W,-0.355052304889594,5.66542757172055,23.6891712789699,1.56047222957863e-05,3.45541248798615e-05
YNL153C,-0.282514817785531,7.00115112261752,23.6827176962651,1.56384591291831e-05,3.46162327395705e-05
YKL089W,0.224868744138194,4.3757730306964,23.6486384599689,1.58178855712871e-05,3.50006668004663e-05
YGL226W,0.361825812962048,5.14912637810618,23.6248197338616,1.59445720117373e-05,3.5268164555224e-05
YDR391C,-0.379189273802773,6.54831598449453,23.6063338627076,1.6043627671764e-05,3.5474372958824e-05
YOR257W,0.34714403102115,5.57382865734694,23.5615960387905,1.62860345248926e-05,3.5997282994541e-05
YDR517W,0.354487370358908,8.21880126100216,23.5577172253762,1.6307231681383e-05,3.60310474877326e-05
YBR237W,0.261201551747716,5.94986900313905,23.5077893731922,1.65826792373382e-05,3.66263532338304e-05
YLR330W,0.175676456433986,8.81725679363778,23.484157008534,1.6714754836424e-05,3.69046745934834e-05
YOR156C,-0.217135395328442,4.85168517858995,23.4740297530098,1.67716910119744e-05,3.70169531403208e-05
YNL143C,0.425336596865571,2.28303366256551,23.4577579865434,1.68635985871837e-05,3.72063079778871e-05
YAL064W-B,-0.549980124712038,1.68816213200988,23.4496907442353,1.69093604534308e-05,3.72937507644533e-05
YJR017C,0.440287597961593,6.93399269848111,23.4311791821678,1.7014861475112e-05,3.7512837708716e-05
YGR174W-A,0.710300066753284,1.43033553449644,23.4249825944064,1.70503311356023e-05,3.75774230206954e-05
YLR440C,-0.235072934996483,5.65694344671225,23.4229590737498,1.70619306916901e-05,3.75893730119241e-05
YKL140W,0.132992251399252,6.92700947357608,23.414229397464,1.71120673554954e-05,3.76861852545021e-05
YER152C,0.401155882789979,7.09055491930524,23.4008436455844,1.71892454343984e-05,3.78424596484495e-05
YBR242W,-0.22617651426657,5.4579681398785,23.396895759059,1.72120773917238e-05,3.7872736835687e-05
YBR147W,0.760860934469417,4.40712554273399,23.3963137228419,1.72154461935103e-05,3.7872736835687e-05
YDR403W,0.395951263285829,2.8585551974111,23.3703838821247,1.73662311512839e-05,3.81906456651833e-05
YBL029W,0.270269322449874,5.2961774772591,23.3657776208074,1.73931617000626e-05,3.82360509193934e-05
YDL174C,0.315425781464266,7.83449373807044,23.3465729172559,1.75059152235033e-05,3.84700231617976e-05
YKL129C,0.335356646580341,7.1904749262648,23.3341754337434,1.75791097071667e-05,3.86169251148408e-05
YJL034W,-0.239797633727572,8.87757537445184,23.3089607455883,1.77289690954274e-05,3.8932073960908e-05
YGL080W,0.31818664765143,6.19080477544409,23.2749718030465,1.79331011881936e-05,3.93661330195376e-05
YLR336C,-0.595212987961553,4.56114030755392,23.23535233828,1.81741658449545e-05,3.98809228873236e-05
YOR090C,-0.145645590338125,6.48925260400652,23.1867697450823,1.84744156013008e-05,4.05251690461123e-05
YEL034C-A,-0.65078963591778,1.68915080535749,23.1248445026088,1.88646889003928e-05,4.13663538590595e-05
YOR307C,-0.275250045712161,5.33479891762844,23.08037202908,1.9150300028059e-05,4.19775128496899e-05
YBL046W,0.281839565198498,6.68414758438865,23.073527072308,1.91946610312879e-05,4.20596011434594e-05
YNL291C,0.150538582623588,6.00781201104878,23.0319189715196,1.94666460519436e-05,4.26402236234978e-05
YMR238W,0.357867830736145,8.06014080596182,22.977417154869,1.98290467876835e-05,4.34184057945499e-05
YLR201C,0.231319794732203,5.61121543133852,22.9748571285212,1.98462423562474e-05,4.34404261646639e-05
YBR037C,0.254352646036554,5.86322440459355,22.9603561658177,1.99439403688694e-05,4.36385750250163e-05
YLR381W,0.220203054076644,5.07498087051547,22.9209410941341,2.02120518718425e-05,4.42017618190742e-05
YMR112C,0.240694206974215,4.85714759031461,22.9203853393352,2.0215859185289e-05,4.42017618190742e-05
YHR010W,-0.350663708722343,10.4069474926824,22.9012966105598,2.03470883469703e-05,4.44727128560754e-05
YML121W,-0.191098278205544,5.67598747107587,22.8909988103915,2.0418253446275e-05,4.46122341905147e-05
YBR263W,-0.196612311352447,8.19559897309225,22.88760559303,2.04417601517846e-05,4.46475630020134e-05
YLR416C,0.685437394514657,1.1468658923872,22.8669236148905,2.05856510787856e-05,4.49457075042736e-05
YLR047C,-0.308829053461768,4.35084945746379,22.858251377102,2.06463024091508e-05,4.50619620371888e-05
YOR368W,0.267786228163657,4.75486637650494,22.8013323002407,2.10490620339503e-05,4.59245401493682e-05
YKL077W,-0.169258706315775,7.36316559047862,22.7895109378113,2.11337391347959e-05,4.60927608011588e-05
YGL136C,0.300040341979062,4.75051613268691,22.7558189705498,2.13770434849814e-05,4.66067035493055e-05
YOL126C,0.439721420122943,8.23936492540831,22.7430071830424,2.14703327372145e-05,4.67933290494092e-05
YFR029W,0.304297197001825,5.66216005413834,22.7346652487721,2.15313042251732e-05,4.69094114608589e-05
YKL069W,0.361411007456833,5.22279010083789,22.68109099986,2.19272357065854e-05,4.77549138420086e-05
YPR056W,-0.176882473347398,5.53443428341673,22.6585424741699,2.20961543965728e-05,4.81055812175835e-05
YBR302C,0.302414478790303,6.32327903025517,22.6565855997875,2.21108782620407e-05,4.81204199658504e-05
YOL148C,0.18245082191084,5.95510650978021,22.6316824781665,2.22991554933051e-05,4.85128213002366e-05
YOR349W,0.265512646912964,5.0615874214021,22.5926786541576,2.25974277084978e-05,4.91441556848496e-05
YOL125W,-0.353083676422734,5.46345302945269,22.5875563775578,2.26369089625039e-05,4.92124298095163e-05
YPR182W,0.585786112071274,6.45383098146735,22.5223944652331,2.31455266462133e-05,5.03001891579313e-05
YDR144C,-0.236314529250783,6.50742436067452,22.5137354894112,2.32140110629428e-05,5.04310093959325e-05
YJR004C,0.261761048673154,5.56159828027019,22.5104360497197,2.3240162471183e-05,5.04698032252493e-05
YDR311W,0.160170922011479,5.86712510870815,22.5015275841667,2.33109256381228e-05,5.06054165208624e-05
YLR418C,-0.15893988657591,5.93016740854944,22.4703554370387,2.3560322316488e-05,5.11285881939479e-05
YDR133C,-1.12248324636918,5.57158099509832,22.4536340970609,2.36952558323265e-05,5.14030772690576e-05
YEL058W,0.34522051682113,8.38529525344234,22.4380542023767,2.38217083097775e-05,5.16589789967912e-05
YGR193C,0.167825222522141,7.15911851147851,22.4264296725587,2.39165187020714e-05,5.184610484578e-05
YPR133C,0.125376290143591,7.27934852451671,22.4088068346995,2.40610075764761e-05,5.21407518172568e-05
YMR321C,-0.255483245576123,5.23161169929674,22.4067107489303,2.40782541475594e-05,5.21595501914912e-05
YHR001W,0.169444837673376,5.76129844982893,22.3613726201811,2.44544881154549e-05,5.29557153674532e-05
YBL098W,0.182948609682517,4.57134161234279,22.34899438902,2.45582761221545e-05,5.31615475643224e-05
YFL042C,0.305433074029437,7.17198249506971,22.2780832375033,2.51618231702745e-05,5.44486820736559e-05
YKL186C,0.22629685947142,6.40715542165079,22.2330948233458,2.55527874975567e-05,5.52750486749494e-05
YDL099W,0.22899764380425,7.01762941633928,22.2213420122421,2.5655970015383e-05,5.54785279117291e-05
YOR253W,-0.254828416126695,5.97314554933741,22.1963915023235,2.58764724259796e-05,5.59354652618421e-05
YPL064C,0.140839737676769,6.10552946417629,22.1818377988421,2.60060096812599e-05,5.61955145278645e-05
YGL114W,0.128532918574464,6.42104617598948,22.1291477274765,2.64807055967944e-05,5.7200956179089e-05
YPL220W,-0.25555668459805,10.7352048517069,22.0938666165455,2.68036368952153e-05,5.78779739202928e-05
YLR288C,0.237678723189985,5.41937817127603,22.0747367674808,2.69804597001797e-05,5.82391263836798e-05
YCR014C,0.371617184648652,4.53277815284885,22.0498979310851,2.72118809945951e-05,5.87178354085501e-05
YCL042W,0.621620518398393,1.11857703952031,22.0081436687636,2.76056081647149e-05,5.95463047438108e-05
YDR182W,0.1821374468995,6.84592826249564,21.9973201953721,2.77086421459614e-05,5.97473733019756e-05
YPR066W,0.341117619177484,4.97525247835653,21.9488432982514,2.81750940840135e-05,6.07316498410281e-05
YKL208W,0.300157535093677,4.93059141581072,21.9224431037025,2.84325799625761e-05,6.12649607196443e-05
YJL041W,-0.20484289223103,7.13905820858773,21.9146527770759,2.8509031425579e-05,6.14079491060702e-05
YGL212W,-0.287036012993976,4.46468951286353,21.8973536440487,2.8679571390446e-05,6.17534295509073e-05
YDR163W,0.22565654915594,5.27759074947139,21.8949205693769,2.87036431071537e-05,6.17833987644254e-05
YPL058C,-0.348154261799264,6.24807018765134,21.8749090865308,2.89024337115669e-05,6.21892889444429e-05
YMR167W,-0.248414384854939,5.06727636206448,21.8470065144394,2.91820281978568e-05,6.27686962120744e-05
YHR031C,-0.31674162984373,4.96875632290108,21.8453161301347,2.91990574339005e-05,6.27831323269557e-05
YDR358W,0.211627012580314,6.80877168134635,21.8119752119343,2.95370800570209e-05,6.34875069399406e-05
YHR207C,0.221278529965258,5.54937985697977,21.7951910089802,2.97087963159897e-05,6.38177692816307e-05
YNL214W,0.274166615507984,4.01987184677669,21.7949073334014,2.97117075390074e-05,6.38177692816307e-05
YLR271W,0.316612134117396,4.71784969649936,21.7604152178273,3.00679243305191e-05,6.45600986419226e-05
YOR174W,0.135243485643562,5.75230387804945,21.7538545839,3.01361850468658e-05,6.46838398624968e-05
YKL060C,-0.322429162396314,14.0645569543096,21.7519731581742,3.01557905079435e-05,6.47030977576996e-05
YJL159W,-0.43835595066437,11.9897930556754,21.7432176134824,3.0247204222791e-05,6.48763615423627e-05
YBR275C,0.271823233283919,5.98090324985497,21.7140853317332,3.05534641719468e-05,6.55101583813587e-05
YJL027C,0.733605270351394,1.18863993552276,21.6948144688874,3.07578408357389e-05,6.59251361343681e-05
YKR028W,-0.166669224661117,7.43196884974296,21.6685902660261,3.10382686487678e-05,6.64989972309682e-05
YER029C,0.221407584628742,6.17580895453199,21.6677371371006,3.1047436505042e-05,6.64989972309682e-05
YLR004C,0.257299047416967,4.1838255216558,21.645190941966,3.12907543592128e-05,6.69965658957811e-05
YGR060W,-0.280449590307953,8.77390684868737,21.6297251929071,3.14588169769604e-05,6.7332712382977e-05
YLR274W,0.172011569752031,6.14968661431924,21.6231561308564,3.15304878354921e-05,6.74623834314239e-05
YNL313C,-0.404209698511866,5.41457630468952,21.6025504911996,3.17564169006211e-05,6.79218969561615e-05
YBR220C,-0.206325255609975,5.70634988359588,21.5933360037039,3.18579976983823e-05,6.81152199559581e-05
YOR161C-C,0.62014175368195,1.34422577341281,21.5884187312201,3.19123453694874e-05,6.82074540124099e-05
YOR111W,0.26017988701138,4.54730448270783,21.5718778842977,3.20958767983938e-05,6.85756356454446e-05
YIL017C,0.190486883976183,7.20327508164819,21.5451756348223,3.23944970611938e-05,6.91893698200646e-05
YFL034W,0.154012620369476,6.55184954822106,21.5380773541864,3.24743691731138e-05,6.93356268134727e-05
YPL097W,0.222988661792769,4.87845381142121,21.5089715327076,3.28040449292014e-05,6.99952058751745e-05
YOL118C,-0.566545575457753,2.38133415146322,21.5087736203556,3.28062986287589e-05,6.99952058751745e-05
YAL028W,0.239983508425256,5.81400858125136,21.4950445691002,3.29630336455319e-05,7.0304963103071e-05
YER075C,-0.454560346514404,4.63453763087191,21.4664559898062,3.32919373011288e-05,7.09815832086086e-05
snR49,-0.462451996840646,3.70720377846859,21.384033667048,3.42596075891049e-05,7.30191636356229e-05
YHR164C,0.184337176599601,5.79933700800574,21.3693532296541,3.4435036778943e-05,7.33673665265645e-05
YMR089C,0.188678238695538,7.37380438482893,21.3633148912233,3.4507467531031e-05,7.34959537719018e-05
YML110C,-0.168301638292514,7.2858042956914,21.360620331804,3.45398407512079e-05,7.35391640906578e-05
snR82,0.461549653037072,3.601507041298,21.3304195625605,3.49048703326201e-05,7.42903588576401e-05
YFR054C,0.609392809127945,1.48788732408641,21.3164945996686,3.50745399253174e-05,7.46253760299149e-05
YJR155W,0.452848806020177,5.04471943677663,21.2979673971741,3.53016290858649e-05,7.50822834629457e-05
YDR284C,0.174346073337986,6.83882355958186,21.2260195565814,3.6198237503267e-05,7.69623603100558e-05
YJR131W,0.187349558670872,5.5680576988424,21.2200300860104,3.62739478764302e-05,7.70963928844141e-05
YIL049W,-0.334876616849086,4.88483895126186,21.217002095692,3.63122866667261e-05,7.71509302957501e-05
YJL127C,-0.279072535132371,4.65878438451005,21.2106289310621,3.63931193044459e-05,7.72956827111879e-05
YCL045C,0.135724196860992,7.93301026543736,21.1943470692594,3.66004855691367e-05,7.77089862833904e-05
YOL160W,0.673396640862749,0.569193804709916,21.1922298877988,3.66275410391089e-05,7.77393049260473e-05
YNL093W,0.587406347705608,3.1868071541333,21.19099734934,3.66433013203681e-05,7.77456375643097e-05
YDR187C,-0.790606800249874,0.591715900732483,21.187840017931,3.66837061174623e-05,7.78042355262315e-05
YOR171C,-0.182960015372803,6.08492766813043,21.1794342349202,3.67915042173876e-05,7.80056805445309e-05
YKR082W,-0.343132805543251,5.92860370643642,21.1441633599758,3.72474656639598e-05,7.89449071979086e-05
YPL171C,0.560877044594965,3.35492946002803,21.1356999614607,3.73577555243528e-05,7.91510941384703e-05
YLR290C,0.361259569911052,5.06392998205215,21.1053010973056,3.77567303237387e-05,7.9968570838827e-05
YLR132C,0.234448531556969,4.73394350132135,21.0679987135509,3.8252432022993e-05,8.09902744815283e-05
YOR016C,0.188010418919969,5.76227953082249,21.0147002527516,3.89725877754725e-05,8.24863292569567e-05
YKL202W,0.738381791934839,1.7500648673761,21.0034619262393,3.91262460516387e-05,8.27827563366555e-05
YJR044C,0.236075233205365,6.34478270191625,20.9571595214875,3.97660645281126e-05,8.41072159338312e-05
YIR033W,-0.174483653868712,7.58037757218761,20.9556138446592,3.97876115945175e-05,8.41072159338312e-05
YDR424C,0.332107578341508,5.9700720579857,20.9551771327949,3.97937016718981e-05,8.41072159338312e-05
YHR005C,-0.218069994501729,6.07841041409705,20.9528481341786,3.98261967825373e-05,8.41466692436596e-05
YGL094C,-0.166403643546,6.3416148128392,20.9420451916681,3.99772883895391e-05,8.44187029183292e-05
YPL016W,0.409644905399723,5.43898123474844,20.941659385494,3.99826954495685e-05,8.44187029183292e-05
YOR167C,-0.225317979931162,9.50757575188442,20.9307369534687,4.01360919154251e-05,8.47131874108087e-05
YBR050C,-0.467432843747865,4.77034811864693,20.9054894458417,4.04930415302083e-05,8.54369478888063e-05
YER065C,0.331595048089324,6.75796837390548,20.8959674535052,4.06285276590928e-05,8.56930990660589e-05
YHR184W,0.616681158191363,2.08189779356039,20.865293979966,4.10682181410753e-05,8.65904738005694e-05
YNL331C,0.212108889762549,4.62749562122421,20.8630586000231,4.11004559867836e-05,8.66284290542355e-05
YHL005C,-0.615011062760953,2.04286740896086,20.8414155608411,4.14139614004146e-05,8.72589872304443e-05
YMR155W,0.202072683925284,5.64709714426638,20.8331697113808,4.15340643541668e-05,8.74817520232278e-05
YKR075C,0.34018595518725,8.89040766283053,20.825223468232,4.16501494647729e-05,8.76959029388039e-05
YKL063C,0.321359236048623,6.23271716327077,20.8214329970482,4.17056436580023e-05,8.77823734551863e-05
YDL079C,-0.410019151900617,6.40890198918404,20.8190691539914,4.17402906706946e-05,8.78249200315272e-05
YOR388C,0.404746531350327,2.0197288572126,20.8144377723087,4.1808260781772e-05,8.79236118696274e-05
YDR031W,0.284045706393612,4.06921284094442,20.813904528064,4.18160941250126e-05,8.79236118696274e-05
YGL085W,0.223161194435948,4.71934690239417,20.8065463159401,4.19243435197032e-05,8.81207704032449e-05
YNL065W,-0.395322241113413,4.96420957600979,20.7990000077997,4.20356656709719e-05,8.83193786224621e-05
YNL042W,0.198095887013593,6.02645985219291,20.798174522747,4.20478619341451e-05,8.83193786224621e-05
YOR337W,0.264081497494255,4.5633932704427,20.772314989254,4.2431814921106e-05,8.90950979278572e-05
YER088C,0.275969202200498,9.00563307297736,20.7061860151988,4.34305101183515e-05,9.11606257572158e-05
YDR263C,0.393687350707011,3.62117532035322,20.6698250759576,4.39901279767882e-05,9.23034237030194e-05
YGL213C,-0.152190119989909,5.41183845032966,20.6324472940045,4.45732926452197e-05,9.34948244557606e-05
YDL159W,0.203569078413105,5.08334630578165,20.6179308713638,4.48019596452028e-05,9.39420828535696e-05
YJL167W,-0.208079992903864,8.72123147111626,20.6114992184323,4.49036663563935e-05,9.41229107057025e-05
YOR321W,0.174557035169884,6.6460063430842,20.5997395875273,4.50902541420099e-05,9.44814726081717e-05
YGR203W,0.489520294584428,5.57926026144867,20.5783934119488,4.54310326158883e-05,9.51627653933495e-05
YPL266W,-0.333425885380272,6.47961328541217,20.5772570739344,4.54492491809598e-05,9.51681628582728e-05
YML113W,-0.44134902662974,4.79678254425421,20.5666960076105,4.56189202780638e-05,9.54629161267057e-05
YJR049C,0.175033910847556,6.98845856490128,20.5665425661897,4.56213903198784e-05,9.54629161267057e-05
YDL242W,-0.430523829690034,1.75943202228043,20.5596564160548,4.57323856281141e-05,9.56622779467427e-05
YJR152W,0.222514197161971,4.64612810427259,20.5546230236852,4.58136963545713e-05,9.5790304547026e-05
YDR006C,0.19867509760393,6.85927405517844,20.5539194467017,4.58250742048304e-05,9.5790304547026e-05
YFR023W,0.649922141264928,0.592748248566515,20.546664661519,4.59425676550464e-05,9.60029272599442e-05
YDL224C,0.131160786239746,6.674120726588,20.53345007971,4.61573952812743e-05,9.64187264972722e-05
YGL250W,0.312322727943623,5.22132396940967,20.5182497102328,4.64058105081101e-05,9.6892763357088e-05
YDL072C,0.2536365368211,8.23809530040098,20.5176175687633,4.6416171764324e-05,9.6892763357088e-05
YGR227W,0.178801509027814,5.60474223949734,20.5093127660024,4.65525192770103e-05,9.71440602882743e-05
YMR147W,0.387871677644863,3.53341581172317,20.4697172305658,4.72084015048836e-05,9.84789589157411e-05
YDR505C,-0.200726927375283,6.32539009147925,20.4060677003724,4.82831385265639e-05,0.000100686394082982
YGL090W,0.202234060899362,4.70605918569079,20.40441196387,4.83114364644182e-05,0.000100710891019522
YPR027C,0.290712012172699,5.43705097975324,20.3819226363097,4.86975273390439e-05,0.000101480977348658
YER178W,0.231540210894901,9.30970014003098,20.3562088841942,4.91429471580202e-05,0.000102374129906386
YPL244C,0.130503282082998,6.31150675340429,20.3387558905285,4.94477076199454e-05,0.000102973751152419
YJL052W,-0.492494539772232,11.7351576956969,20.3357606155167,4.95002096635104e-05,0.000103047819296087
YMR303C,-0.594936887566129,11.1543741068854,20.3251089327469,4.96873900864538e-05,0.000103402109670339
YDR440W,-0.190068017055934,5.50523423682416,20.2941471928065,5.02357077166847e-05,0.000104505112500082
YBR295W,-0.219984229906864,5.93342560777387,20.2932461297648,5.02517599301954e-05,0.000104505112500082
YKR017C,0.201178130337063,5.57193287466677,20.2260803198364,5.14635965894652e-05,0.00010698872061732
YGR174C,0.227981172556266,5.71588973719522,20.1790245530893,5.23308514302925e-05,0.000108754518768214
YDR209C,-0.290684684181205,4.87069021826343,20.1756311094087,5.23939841734341e-05,0.000108848546840337
YOL068C,-0.180783280579436,6.67367838762568,20.1720313839854,5.24610420699067e-05,0.000108950662455762
YDL144C,0.385152013597068,6.77001158472756,20.1476980864099,5.29167077541633e-05,0.000109859490509752
YHR187W,-0.229096468431572,5.19811187449318,20.139589869854,5.30694638670183e-05,0.000110139047623058
YDR510C-A,0.542775867013473,3.67689541384221,20.1353204981618,5.31500834359262e-05,0.000110268754758817
YJL163C,0.331537738039448,6.30686294109713,20.0826020816342,5.41562439168078e-05,0.000112317908736801
YGL164C,0.136343601302731,6.2024905062886,20.0798843008471,5.42086533592795e-05,0.000112388298361573
YNL022C,-0.334446759205248,5.25838824964712,20.0778075691326,5.42487367626206e-05,0.000112433093733156
YDR268W,-0.264526912729934,4.43589046910845,20.0547720115599,5.46954435140378e-05,0.000113320317937664
YDL044C,0.218979656541334,4.25000253345388,20.0522983051786,5.47436428926701e-05,0.000113381574881517
YMR139W,0.18846348085245,6.61240458091584,20.0389784473015,5.50039438279901e-05,0.00011388193201542
YDR005C,-0.289887245591803,5.97402980127634,20.0213340921485,5.53507581504059e-05,0.000114561007940551
YLR109W,0.437268822005654,11.8599739230933,19.9294559560191,5.71941833075611e-05,0.000118336146013774
YPL066W,-0.288542571832271,5.81389890860718,19.8578659438578,5.8675192982437e-05,0.000121359126206026
YGL129C,-0.164359814579219,5.80105526025743,19.8559059566628,5.87163018982887e-05,0.000121402887207301
YMR241W,-0.164721204530176,7.07980677168969,19.8432349279985,5.89827958306179e-05,0.000121912470322456
YNL034W,-0.363326704117049,1.97100864057467,19.8384298429872,5.90841870746367e-05,0.000122080569897849
YEL007W,-0.193719823520674,7.0533470726178,19.835618491685,5.9143593751434e-05,0.000122161835701791
YNL242W,0.254062955182398,6.15797632674187,19.832460120381,5.92104081318872e-05,0.000122258341867164
YER062C,-0.421802392616688,7.4366138092067,19.7950577408215,6.00076987764946e-05,0.000123862566843612
YMR288W,-0.206630813652035,5.45081563402903,19.7882769662099,6.01534448326124e-05,0.0001241212993579
YER048W-A,0.21801299391361,5.60887768413923,19.7253958993722,6.15228520997918e-05,0.000126903916958384
YLR285W,-0.11758155553133,6.3533534792292,19.7213743016037,6.16115398803802e-05,0.000127043788604579
YDR301W,-0.178265049658487,6.24649880832304,19.6779824070227,6.25770401336378e-05,0.000128990951630483
YJR113C,0.328252913900585,6.42245246154979,19.6596001641757,6.29908372867807e-05,0.000129799947473776
YER107C,-0.173342477832932,6.7273325040118,19.6580002934326,6.30269871723783e-05,0.000129830472899093
YOR329C,-0.259364796009151,7.29613052998743,19.6532736770691,6.31339147716321e-05,0.000130006724665104
ICR1,0.258894250253668,4.04571461957466,19.6442864983275,6.33377525188547e-05,0.00013038234914656
YAR020C,0.347058278094032,2.37937876198656,19.635395006988,6.35401002290769e-05,0.000130754653329027
YHR048W,0.156512806242238,5.40450653390279,19.625969493419,6.37553423659133e-05,0.000131153231337587
YKL224C,0.785334311706432,0.75098551051135,19.6173219018949,6.39534933597021e-05,0.000131516393069884
YDL019C,-0.221507891317197,7.57452405179435,19.6078617457904,6.41710044293257e-05,0.000131919108767719
YPR178W,0.218693252710697,5.47943099007002,19.6003866520162,6.43434237046247e-05,0.000132228886606768
YIL144W,0.326104974193198,5.44820657097226,19.576795186591,6.48907784504357e-05,0.000133308705898346
YDR275W,-0.230531052182907,5.6573498230147,19.5608974416042,6.52623844705355e-05,0.000134026867871485
YER173W,0.191297662979799,4.86210798560273,19.5524881726755,6.54598522441138e-05,0.00013438704483989
YIL111W,0.268927488114963,6.61748077701743,19.542947802499,6.56846407051858e-05,0.000134803048462413
YBL091C-A,0.298565964712979,5.83953295172675,19.5411655643051,6.57267232665853e-05,0.000134843934955216
YOR396W,0.351970863907897,7.35909344098216,19.5339539963367,6.58972935410467e-05,0.000135148308458803
YBR090C,0.622862038615796,1.54389303244039,19.5283851350729,6.60293280717194e-05,0.000135373470793939
YBR300C,0.746258840835444,0.782278143336689,19.5187980879018,6.62572827749519e-05,0.000135795070961799
YNL308C,-0.457782352476531,7.15206104324551,19.5055939641276,6.65725959569826e-05,0.000136395369157656
YDR079W,0.524284713063936,4.16923027492016,19.47294044945,6.73591451629662e-05,0.000137960416801296
YOL026C,0.365495597972707,6.42078418971585,19.4708290341849,6.74103391604003e-05,0.000138018813523229
YOR199W,-0.663989530460989,1.35411214384117,19.4602392999431,6.76677181164294e-05,0.000138499180874024
YOL111C,0.155157958263095,6.58221438009646,19.4558976248058,6.77735387896164e-05,0.00013866912694513
YDR049W,0.238657458825826,5.64149337530505,19.4520254194422,6.78680635928068e-05,0.000138815854441085
YLR393W,-0.225389854592467,3.918137850574,19.447562251149,6.79771862456122e-05,0.00013899233141954
YHR175W-A,0.82058252257717,3.31607073854254,19.4271085750183,6.8479632728214e-05,0.000139972645331267
YOR281C,0.19395456545159,6.43057477467432,19.419581758506,6.86655101216961e-05,0.000140305449661021
YJL051W,-0.164362013761298,5.11923560112422,19.4142864607142,6.8796596848902e-05,0.000140526113402339
YKL100C,0.154064979281813,7.48370423651293,19.4057614850063,6.90081877038303e-05,0.000140830631422472
YLR349W,0.553755163084818,2.40022136122536,19.4056502734461,6.90109524991596e-05,0.000140830631422472
YPL046C,0.314637827959639,3.28094248788402,19.4054830598621,6.90151097620069e-05,0.000140830631422472
YBR196C-B,-0.508339956794301,1.43874514379056,19.3824014462794,6.95914963147516e-05,0.000141959187085237
YGR129W,-0.236517639127456,4.13290041188252,19.3437865310579,7.05671075736237e-05,0.000143901089003184
YGR167W,0.144846635396154,8.13079010094557,19.2920343996359,7.18972145096932e-05,0.000146564338456108
YMR078C,0.253661858121735,5.28312228963917,19.2765176467354,7.23011294448079e-05,0.00014733836995032
YOR223W,0.274107939181359,6.12565689705969,19.2438184388218,7.3160142356832e-05,0.000149038991041621
YCR099C,0.32750705409427,3.32812366662427,19.1803457614598,7.48583215483748e-05,0.000152447418548146
YNL184C,-0.605458009673171,1.65553014713667,19.1664950980384,7.52343620344871e-05,0.000153161958173253
YIR005W,0.48906834540868,2.91323391324565,19.1640756151649,7.53002534229194e-05,0.000153244830126577
YOL092W,-0.186805785265904,6.85947517884364,19.1614102122679,7.53729122886332e-05,0.000153341414669453
YML116W,-0.364576107806348,5.46526540842678,19.1264393452173,7.6333068935766e-05,0.000155242889195901
YDL173W,0.389074597897748,6.5016887342072,19.111245633598,7.67542213274361e-05,0.000156047255856147
YBR159W,0.123156861031497,7.68500092686314,19.1095479336369,7.6801430998539e-05,0.00015609108471146
YBR033W,0.209730509670301,4.8906086814677,19.0887907283164,7.73811202662944e-05,0.00015721673349596
YHR131C,-0.236387476699556,6.53961130774642,19.067016809164,7.79941449735589e-05,0.000158409336503373
YGL026C,0.269204160250333,8.82409962412374,19.0495911860543,7.84884215121134e-05,0.000159347884682292
YDR532C,0.335997443273372,4.58464251765531,19.0488815135058,7.85086209165999e-05,0.000159347884682292
YDL118W,0.645370906449975,0.486140954214309,19.0352189856869,7.88985636512038e-05,0.000160085948588721
YJL030W,0.257472941910122,5.47963442288458,19.0164314850369,7.94381037354434e-05,0.000161126953743391
YGL112C,-0.205290443286011,6.21138422413605,19.0113103061091,7.95858451166279e-05,0.000161372831567704
YGR287C,0.267387459858091,5.22756527469041,19.0017794049236,7.98615719290246e-05,0.000161877969749538
YNL021W,-0.229898192117053,5.76651472927169,18.9893733673551,8.02219797241904e-05,0.000162554361179387
YJR005C-A,0.769013475405262,1.14875932496715,18.9837484804737,8.03859508450201e-05,0.000162832393772286
YML060W,-0.282471594304715,3.98365404009417,18.9703704552458,8.0777349708758e-05,0.000163533625995523
YKL150W,-0.224260996259121,7.88640893804061,18.9700458392306,8.07868717891488e-05,0.000163533625995523
YER137C,0.515680396753984,1.72939047648296,18.9691636656031,8.0812754867467e-05,0.000163533625995523
YGL206C,-0.195622313010267,7.79261015662941,18.936391443924,8.17804946428855e-05,0.0001654369381323
YGL228W,0.163609830492417,7.79859041164586,18.9332841730463,8.1872879769053e-05,0.000165568784777231
YOR285W,0.305082506224431,7.88129525393226,18.9139303746905,8.24507787377407e-05,0.000166682056019652
YGR148C,-0.34554090940431,9.16688141468669,18.8940342667615,8.30493394196073e-05,0.000167836343529828
YKL004W,-0.184871101619632,7.16440218989186,18.8874179333389,8.3249397152154e-05,0.000168184788071334
YPR119W,-0.365306567054093,4.78796959380005,18.8520693197704,8.43268425489173e-05,0.000170304957487608
YOR373W,0.211511577415134,5.43961166375176,18.8447405364889,8.45520555945893e-05,0.0001707031381198
YHR040W,-0.350658953925914,5.51028844301062,18.7855743615477,8.63935331581242e-05,0.00017436306775031
YDR519W,0.171214017566954,6.12009573798159,18.782997325029,8.64746916569192e-05,0.000174468998253433
YKR027W,-0.180853150961071,5.59601095668332,18.7742928437997,8.67494141454114e-05,0.000174965258559771
YAL033W,-0.213795075077878,4.91571725088971,18.7464828816186,8.76332860652216e-05,0.000176689378961853
YGL198W,0.413847688526733,6.17315378285463,18.716757270399,8.85885105613266e-05,0.000178556173158553
YHL042W,0.401451312088861,2.34010097420219,18.7096684009473,8.88179207193638e-05,0.000178959287277261
YDR185C,-0.229588245787102,4.8270803783654,18.6880278279733,8.95221221421043e-05,0.000180318475085966
YOL102C,0.180471421896516,5.04709321081622,18.6569209123128,9.05446582157571e-05,0.000182317751569451
YCR092C,-0.235553123709257,5.30473891304609,18.6506674653625,9.07516965589792e-05,0.000182674189070919
YDR217C,0.24498889920816,6.02815099644257,18.6487380651525,9.08156752478675e-05,0.000182742521125421
YLR149C-A,-0.601293946765745,2.11975117170314,18.6344121823821,9.12922044572226e-05,0.000183640682354446
YDR420W,-0.232994847563515,6.79028542729958,18.6216180797289,9.17200019381982e-05,0.000184440255054176
YMR019W,0.149532703554859,5.79318971287576,18.6129518339793,9.20109719378434e-05,0.000184964243224902
YNL024C-A,0.240148756013963,5.95628915619235,18.6042279312689,9.23048573620058e-05,0.00018549374407127
YLR094C,0.259840203604239,6.02012772461815,18.5678191714587,9.35420603480478e-05,0.000187917938995666
YBR010W,0.265994788024896,9.20729007356432,18.5658509129024,9.36094379665208e-05,0.000187991231031775
YBR210W,0.267433765141286,4.86946795321733,18.5648082746467,9.36451503166877e-05,0.000188000903885531
YNL124W,-0.316394560502541,5.59755601163619,18.5565878126549,9.39272186203833e-05,0.000188504988557069
YIL130W,0.322198471252016,5.3548093881597,18.5533476477085,9.40386433576272e-05,0.00018866638471189
YGR149W,-0.290286737146436,5.57993159443303,18.5468140375295,9.4263747605424e-05,0.000189055670461109
YPL209C,0.416656766655891,2.96554545052351,18.4953015450515,9.60584705384703e-05,0.000192591694638086
YBR165W,0.181798174528678,5.03862381802752,18.493380566303,9.61260888292868e-05,0.000192663784758304
YBR261C,-0.392363110192298,6.86347991785927,18.4758359229878,9.67459777704342e-05,0.000193842369026372
YHL038C,0.211340157741203,4.71884623122473,18.4721330690404,9.6877343240954e-05,0.00019404168321962
YJL063C,-0.340795908465032,6.83950144258748,18.4634362404206,9.71866165289008e-05,0.000194597091667773
YJL172W,0.322502950302072,6.82099160111585,18.4602054678699,9.73017721198813e-05,0.00019476358004917
YPL031C,0.250009254607037,6.8849599938238,18.4436093055217,9.78955788919336e-05,0.000195887733494711
YLL051C,-0.134224127798201,6.43696018708344,18.420666721954,9.8722735923551e-05,0.000197477925080476
YDR469W,0.216614609510208,5.65974803475155,18.3951504219592,9.96513152941072e-05,0.000199269882867119
YMR212C,-0.244662231528538,6.4872213967222,18.3670119436768,0.000100685968173328,0.000201272705760414
YOR160W,-0.167137406326679,5.77744915656682,18.3652862615829,0.000100749787768363,0.000201334140745646
YLR292C,-0.172802238379724,6.09182278175241,18.348621965424,0.000101368262123479,0.000202503570263089
YJL136C,-0.363949288799877,9.98961054947933,18.344144254371,0.000101535125737589,0.000202770344638408
YDR251W,0.122936984373264,8.05183496187911,18.32853479074,0.000102119078505641,0.000203869617029798
YIL162W,-0.412176627210259,7.33727600397171,18.3265327640739,0.000102194229585181,0.000203952734347598
YNL163C,-0.267324322623365,6.46478863954165,18.3239139102738,0.000102292622543717,0.000204082166615907
YJR080C,0.194437526765997,6.12344564042301,18.297879307678,0.000103276199077586,0.000205976948996103
YJR119C,0.285226338079613,4.03752456716111,18.2463062790114,0.000105254061207868,0.00020985287105173
YOR197W,-0.294929807537625,8.01945637333759,18.2147736737127,0.000106482930321016,0.000212233419915945
YJR062C,0.183160733307483,5.8612484412908,18.2091660541893,0.000106703041177318,0.000212602490361487
YKL005C,-0.215618962858093,6.02515910536786,18.2045718871519,0.000106883728153086,0.000212892794046327
YPL070W,0.171022555227501,6.74647269111379,18.2026594241541,0.000106959039393645,0.000212973087274323
YOL036W,0.173869052285408,6.41299554731068,18.1608481781536,0.000108619542732905,0.000216208674363666
YMR286W,-0.182130752695596,5.38753368724834,18.1570612046823,0.000108771271550733,0.000216426121150834
YLR176C,-0.215021570896534,5.34961216527087,18.1563468311782,0.000108799918586755,0.000216426121150834
YJL186W,-0.169621040235731,6.82381641237251,18.1460197111459,0.000109214932438462,0.000217180674473215
YGL084C,0.168364389273687,6.47028870034592,18.1218072345233,0.000110194489490831,0.000219056997240021
YER147C-A,-0.400228741561359,3.62363880557849,18.1179175911552,0.000110352710296451,0.000219299883133215
YCR082W,0.192036434343616,6.38432471522129,18.0748336821698,0.000112121306182639,0.00022274180480619
YLR035C,0.169574203286075,4.82494957130185,18.0487074608158,0.000113208273348791,0.00022482778829223
YER039C-A,0.494693222023303,2.58627540950533,18.0475348960951,0.000113257316139466,0.000224851800557472
YMR076C,0.313000875696668,5.23289401266956,18.0104465669889,0.000114820121244591,0.000227880116690586
YNL310C,0.308039547493704,5.62159101632755,18.0026175062615,0.000115152904412201,0.000228466065649899
YGR171C,-0.176915483307168,4.76131346064828,17.979868458993,0.000116125642243271,0.000230313755834467
YHR029C,0.259824009716938,5.40538814694168,17.9790712265685,0.000116159887700243,0.000230313755834467
YBR078W,-0.191120611645156,10.2351017904296,17.977045281089,0.000116246960805665,0.00023041132133631
YGL145W,-0.280286597061196,5.17935861337952,17.9647222057908,0.000116778073729285,0.000231388661231748
YKL026C,0.289585634514482,4.58952097303141,17.9633407706725,0.000116837771024079,0.000231431587461432
YAL060W,-0.37748028225508,7.54568336222326,17.9163647668489,0.000118886996360324,0.000235414049089675
YNR074C,0.170956664201765,5.54289126817137,17.8951191308346,0.000119826161576439,0.000237196549509639
YOR148C,0.180457937478756,5.00541080018197,17.8842076731771,0.000120311530715181,0.000238079890862398
YJL108C,-0.264992484448512,5.83804950344704,17.8771732608067,0.000120625534044455,0.000238623658862323
YKL010C,-0.154363980157132,6.60805800605727,17.8706946453889,0.000120915489474061,0.000239119516883218
YMR170C,0.258666545385606,5.33873999886825,17.8656624074425,0.000121141216531791,0.000239488077516552
YML077W,-0.194929688824899,5.0886934485342,17.8540232054562,0.000121665005134251,0.000240445455096433
YDR162C,0.169971160152344,5.88416323907138,17.8326555624265,0.000122632798787336,0.000242279409292513
YOR319W,-0.235786403794597,4.35085608927577,17.8072809856084,0.000123792594288593,0.000244491378203858
YGR031W,0.328632613226981,5.80347610024356,17.7872796826754,0.00012471491547794,0.000246233050189249
YPR169W,-0.193323633069949,6.95634900645856,17.7861422980043,0.000124767580286672,0.000246257128136361
YML007W,0.142820981521905,7.6574918361332,17.7774868357549,0.000125169124316459,0.000246969559489511
YBR125C,-0.154600371384978,6.09238466259573,17.7619526597667,0.000125893195147857,0.000248317696102013
YIL172C,0.290565663904764,3.92940025074771,17.7581705134888,0.000126070152005438,0.000248518306844221
YDL209C,0.246528688881996,4.76204950056306,17.7580331472903,0.000126076583932311,0.000248518306844221
YER119C,0.361441243080084,6.78632755745462,17.7561051411899,0.000126166895770335,0.000248615790402361
YMR192W,-0.287697200863295,5.65780702093915,17.7359715276487,0.000127114068514688,0.000250401135290345
YML132W,0.290981459461263,5.97872457237989,17.7319378062448,0.000127304729225511,0.000250695559008814
YHL031C,0.346698044046745,4.63540593460303,17.72353528037,0.0001277028546278,0.000251398211067668
YML034W,0.171683178903235,6.33503443515992,17.7078211094355,0.000128450933543606,0.000252789110806223
YNL230C,-0.192811461781684,4.81772080415985,17.7039866146424,0.000128634174160437,0.000253067879006227
YGL107C,-0.141404422494631,5.77225469171846,17.6894510030261,0.00012933129185341,0.000254357114068519
YER145C-A,-0.593850652106581,1.0862310734862,17.6473609420346,0.000131372386267859,0.000258287874132446
YHR094C,-0.435271561290753,8.43454021887684,17.6237619762632,0.000132531568654769,0.000260482750408356
YMR259C,-0.444506329169369,5.4878577838928,17.6172798417926,0.000132851849698081,0.000261027932002849
YDR139C,0.206763910195311,5.73890144672207,17.6135441688205,0.000133036797983798,0.000261306945039189
YKL142W,0.279211652297223,7.40561564432815,17.6046841365853,0.000133476529398539,0.000262086054014233
YNL138W-A,0.354791256537314,4.70152627881064,17.6003246599684,0.000133693454631941,0.000262427313366245
YNL116W,0.233316319319603,5.24857809089194,17.5617280128097,0.000135630242235995,0.000266080279535389
YML041C,0.170873271835869,4.68211006072413,17.5614972392472,0.000135641910783694,0.000266080279535389
YEL057C,0.532662021708824,2.47674299908657,17.5581544625102,0.000135811049170923,0.000266326211474401
YML105C,-0.149877975476312,6.35923477571112,17.462216692779,0.000140761013784584,0.000275944191004895
YNR035C,-0.190423486482072,7.81712883961347,17.4480346883587,0.000141508678352593,0.000277320550008222
RNA170,0.551614810673153,1.03156405408032,17.4330322468432,0.000142304140673658,0.000278789663876113
YPR004C,0.13502991739029,6.91701597855192,17.4288887947941,0.000142524662835711,0.000279131822772868
YLL006W,-0.190996574920913,4.79300201726495,17.4009922827289,0.000144018747756704,0.000281967207239236
YHR077C,-0.231720334774948,7.06864126002749,17.3998417484907,0.000144080720581039,0.000281997807891806
YJL029C,-0.176397516944497,5.91038745798756,17.3968177036234,0.000144243742604133,0.000282226100883006
YCR089W,0.371530299456679,6.1179191096606,17.3956698397044,0.000144305673091769,0.000282256515835233
YDR523C,-0.754559667142038,2.64007296206914,17.3831975332432,0.000144980393575536,0.000283485120471445
YKL068W,-0.262904794080169,6.35526030121945,17.3742311405626,0.000145467501178037,0.000284346207731563
YML019W,-0.166234754799848,5.9106668158876,17.353429847217,0.000146604187077928,0.00028647606884046
YPR005C,0.291443262275232,4.92696507463818,17.344856503005,0.000147075390512584,0.000287304575046252
YBL004W,-0.423927154460866,7.07499551365227,17.324663412333,0.000148191533465506,0.000289392002932478
YCR086W,0.280715657153662,3.93312112671259,17.3159265227807,0.000148677208103027,0.000290247292687494
YHR021C,-0.271841432209106,9.58564240747787,17.3142546121214,0.000148770338445185,0.00029033595556092
YCL065W,0.45850277809528,1.56989553225086,17.253411951234,0.000152201514800889,0.000296936908484582
YPL110C,-0.2772328282675,6.49997184162841,17.2342027112304,0.000153302003185403,0.000298988041468967
YDR414C,-0.181513438786693,5.0432754060529,17.2182917008531,0.000154219870138238,0.000300681803842096
YMR058W,0.296889268510513,9.39231215314472,17.2097375704661,0.000154715722807138,0.000301551945317564
YBR226C,0.78019104153043,1.85162419047248,17.1976036234739,0.000155421961244132,0.000302831455065816
YJL006C,0.344699819000238,3.5923341647524,17.1948401010187,0.000155583281261477,0.000303048740869427
YKR029C,0.259060113969562,5.4136156854205,17.1785729004677,0.000156536449739952,0.000304807774933635
YGR147C,-0.23810483958399,6.84140177817663,17.1701094598528,0.000157034786548836,0.00030568031866592
YJR149W,0.2854197583285,4.01538040976363,17.161213489162,0.000157560389282749,0.000306605362579319
YIL002W-A,0.227764103295961,5.65297865581844,17.1546786350738,0.000157947667586956,0.000307260728026416
YNR048W,0.216845676729535,4.80828325602919,17.1447297058193,0.000158539198436191,0.00030827423416288
YKR089C,0.153777118899018,7.82544069577723,17.1442129928187,0.000158569984047628,0.00030827423416288
YKL214C,0.191433885371378,5.46386121896638,17.1153249809808,0.00016030115933136,0.000311540260150535
YHR122W,-0.159799526989248,5.0840304405902,17.1121400407572,0.000160493235940913,0.000311813965740886
YKR018C,0.14969557824212,7.98224699346234,17.1036054418532,0.000161009132218006,0.000312716428198713
YMR222C,0.189576419258148,5.78245884753526,17.0795776339094,0.000162470940420859,0.000315454905060922
YLR411W,0.311982988750521,3.5760800214569,17.0738637785377,0.000162820610087325,0.000315961294270953
YDL222C,0.444737573771153,3.19934896366689,17.0736191401642,0.000162835598822302,0.000315961294270953
YKL165C,-0.203003215819057,5.53429728648851,17.0723573087177,0.000162912932942294,0.000316010582388862
YGL177W,-0.48127623302023,0.625115599932768,17.7267345515087,0.000163533192476568,0.000317112643792198
YGL037C,-0.309510515423251,10.0891685873895,17.0609978147629,0.000163610865308685,0.000317162190316454
YJL074C,0.301667236431895,5.19695522869944,17.016886369552,0.000166351035984406,0.000322371354765958
YDL015C,-0.19420196461911,7.46339000290501,17.0111656904902,0.000166709918642069,0.000322963978012414
YDR025W,-0.379771485370223,10.5607189688981,17.0021680182252,0.00016727602886626,0.00032395755431292
YDR178W,0.294095714826812,7.06761895204475,16.9909965604449,0.000167981721650395,0.000325220736952802
YPL084W,0.217990501367488,6.74679822774632,16.9889251396524,0.000168112915383069,0.000325365708800095
YGL197W,-0.203464936732432,7.03226820825505,16.9881262463749,0.000168163542181807,0.000325365708800095
YMR113W,0.139730836960701,5.67391416754687,16.9834490688538,0.000168460262155669,0.000325836203184121
YMR091C,0.127083856411903,6.73131252640496,16.9579039841039,0.000170090582555059,0.000328885031727848
YCR037C,-0.112696093199231,6.560017344272,16.9560547780905,0.00017020924330461,0.000329009925510975
YFL028C,0.150072093607562,6.13448434252096,16.9357534898006,0.000171517683275681,0.000331433821128142
YEL039C,-0.358900212646582,5.88576195764508,16.9336706448081,0.000171652521700738,0.0003315890776346
YMR181C,0.202447214521727,6.34994591168773,16.9184250643119,0.000172642883764899,0.000333396365506
YOL100W,-0.207546553520091,5.57241278091143,16.9007062811077,0.000173801459284861,0.000335527246113064
YOR093C,-0.2118926426621,5.59300314490115,16.8989672804622,0.00017391560672235,0.000335641124930384
YPL146C,-0.563616697051356,6.24916601120646,16.8824306858062,0.000175005009872183,0.000337636488608825
YMR152W,-0.190414169165127,6.54032795208211,16.8490129937786,0.000177228467846907,0.000341817821505049
YOR125C,-0.191091859695176,6.006051808033,16.8426018456883,0.00017765842076797,0.000342538495048511
YBL002W,0.249447468624907,8.26498463765753,16.8328909989182,0.000178311752138074,0.000343689265682667
YHR081W,-0.271818619564994,5.98190805117135,16.8046642113987,0.000180225190452899,0.000347267347658611
YBL093C,-0.187197345360285,6.81361547811987,16.80126400039,0.000180457136659052,0.000347604202776301
YLL007C,-0.250268379504732,4.61719133875544,16.7982962588921,0.000180659838360271,0.000347884530513369
YDL176W,0.18889673245145,5.29943887836139,16.7695832562098,0.000182633391458585,0.000351573611839762
YOR264W,-0.2049885169904,5.96423867059861,16.75525962029,0.00018362637098238,0.0003533733293573
YPL103C,-0.201830517099021,5.1863722827185,16.7491754525569,0.000184049869243847,0.000354076337132092
YHR084W,-0.233561552398152,5.85469179048344,16.7434990135964,0.000184445912932941,0.000354726099935825
YPR185W,0.148695147761408,6.31477056311599,16.7190893177493,0.000186159209854326,0.000357907991141729
YNL298W,0.191142779055685,6.18535867057953,16.684752871992,0.000188597633678102,0.000362481554305511
YNL181W,-0.165062891169843,5.83625904758096,16.6628740320094,0.000190168870771666,0.000365386036831572
YNL320W,0.153375545370943,5.59658392638862,16.6403708050998,0.000191799314138233,0.00036840240736463
YGR220C,-0.170844456865039,5.03904555602372,16.613719402968,0.000193749339634798,0.000372030524353974
YDR258C,-0.340916414227054,7.0728438537495,16.612550800978,0.000193835319333688,0.000372078207616874
YLR036C,0.338362765332689,4.5187352002855,16.5818805937233,0.000196106277923398,0.000376318732628154
YER099C,-0.212243689396295,6.51341776256903,16.5475872790865,0.000198678672736017,0.000381134843505253
YHR096C,0.214636008081714,5.71759052295198,16.5387594507851,0.000199346587534383,0.000382295614606593
YFR013W,0.163368239652621,6.72170609483931,16.537011122732,0.000199479146164814,0.000382429301957433
YIL041W,0.221265619412512,8.1199366150729,16.5290019255997,0.000200087591258196,0.000383474958364134
YCL032W,0.206024708689329,6.40230651517603,16.5132150862487,0.000201292611847698,0.000385662954374447
YMR206W,0.496717637246467,5.15614783652837,16.5038025663138,0.000202014705286912,0.000386924608646793
YMR087W,0.161015321668182,4.98964341714766,16.5004127987055,0.000202275422281503,0.000387302059340135
YBR126C,-0.312666900930919,10.0402085963136,16.4859250587421,0.000203393711032383,0.000389320771195989
YBL048W,0.554135758275318,1.59143477920264,16.4798539704548,0.000203864261211691,0.000390025879138194
snR62,0.431436119758962,1.950340419321,16.4795187716321,0.000203890274698208,0.000390025879138194
YGL110C,0.240998542887591,5.91922348526878,16.4561674367747,0.00020571110073223,0.000393385307339918
YHR001W-A,0.322315438503648,5.17903900921946,16.4418400780797,0.000206836737200748,0.000395413617928542
YDL238C,-0.419737637598313,5.16093841784137,16.4368019354466,0.000207234099191985,0.000396048835924381
YHL044W,0.204426448306267,4.2400334564026,16.4349623689781,0.000207379387135919,0.000396202063021058
YKL086W,0.462115505017144,4.28664310869344,16.4183831630659,0.000208693646590282,0.000398587834118602
YGR001C,-0.20930624923143,5.55553675770939,16.4148601502629,0.000208974047920751,0.000398998142955058
YBR234C,0.221844015314319,8.05194124461584,16.4001747573086,0.000210147152731076,0.000401112115548493
YDR304C,0.171738433761104,8.08485767521278,16.3806011810069,0.000211721514260381,0.000403990408991664
YLR287C-A,-0.224818713017897,9.37784412493687,16.3553154259089,0.000213773706014236,0.000407778370249727
YJR130C,0.244707316304003,6.21804573058483,16.3528213799175,0.000213977253081806,0.000408038729239358
YDR325W,-0.159538685314281,5.24873874226411,16.333128923584,0.000215591592834726,0.000410988359147653
YEL005C,0.190710869217671,4.58074214144857,16.3176933877033,0.000216865912821757,0.0004132881551896
YKL022C,0.158259463100168,5.83672501448197,16.3077501160476,0.000217690997778736,0.000414730657947278
YHL009W-B,-0.372704173408099,3.12777679888397,16.3063572355447,0.000217806841263132,0.000414821480152163
YKL032C,0.249154048492748,8.30004995372124,16.2983373420773,0.000218475104495613,0.000415964020918588
YGL148W,-0.276901772839776,9.18330344312274,16.2957063664163,0.000218694801802108,0.00041625207036779
YDR257C,-0.210951472945839,5.55758999443608,16.2943302067489,0.000218809809336663,0.000416340741029892
YOL039W,-0.207673178122444,9.9450465891042,16.2929591065129,0.000218924457302116,0.000416428672298649
YIL064W,-0.252218996609184,5.89464614686436,16.2769589612292,0.000220267029106536,0.000418851522535397
YBR257W,0.275321192436408,4.54238564612888,16.2668652870422,0.000221118440848067,0.000420339179181658
YNL130C,0.155741333422247,6.34264483155067,16.2629773808323,0.000221447312392993,0.000420832884419539
YHL019C,-0.148129669959699,5.38916088463805,16.25836587603,0.000221838058976102,0.000421443830430716
YNL106C,0.135645664236193,5.76381346498607,16.2553837529453,0.000222091129181168,0.000421792921681463
YJL087C,-0.349993060324057,5.05206014034522,16.248817703518,0.000222649410874458,0.000422721268384111
YLL029W,0.0997491137222101,7.75323979549079,16.2368460770752,0.000223671106466113,0.000424528597269588
YDR212W,-0.154283177502071,7.95960774606716,16.217186556439,0.000225359621569997,0.00042760003032536
YGR255C,0.152356438274264,6.81212245615467,16.2055990480748,0.000226361122932504,0.000429366406809316
YKR052C,-0.182129157844212,6.04937955449719,16.1991465999091,0.000226920832039299,0.000430293942960155
YMR108W,-0.227975693916331,8.63143264105295,16.1700716660675,0.000229461014521535,0.0004349751630416
YNL218W,0.161924249778846,5.14400535749918,16.150947003868,0.000231148165508097,0.000438036931521885
YFR043C,0.239304471787623,4.19353385443686,16.1327383601456,0.000232766633868,0.000440966677175213
YER028C,-0.374601312997782,6.05833380261569,16.1267958209995,0.000233297410217499,0.000441834653337529
YCR035C,-0.15947625898936,6.21447577101219,16.1243607909122,0.000233515270024124,0.000442109650932418
YMR035W,0.32736411763286,5.12513632399271,16.1214246187059,0.000233778251122151,0.000442469878095891
YLR010C,0.34441920029146,3.1291387679101,16.1102051834114,0.000234786003297415,0.000444239064074867
snR18,-0.581539546448722,0.965665289194727,16.1073372821158,0.000235044336456772,0.00044458961372069
YGL053W,0.245771478241424,5.73958808651092,16.098923608708,0.000235803944945956,0.000445887820073383
YGL091C,0.122519149449587,5.49087515346093,16.0978674223099,0.000235899482462487,0.000445929900833872
YHR157W,0.481875279072173,1.88365729229896,16.0728787169427,0.000238171756264432,0.00045008544623263
YOR112W,0.158179528577629,5.89508049352011,16.0664920303617,0.000238756196452189,0.000451049815402537
YMR180C,0.163976346299114,5.29765467374993,16.0564605786659,0.000239677213102929,0.000452649237036414
YIR023W,-0.190978742169438,5.63050489453272,16.0391294409265,0.000241277250906758,0.000455529653046112
YDL120W,-0.12873306873649,6.00352758640396,15.9940623605066,0.000245490730308027,0.000463340910026161
YMR085W,0.453102875573882,5.10658279326674,15.9172632828181,0.000252850231627585,0.000477031505861209
YHR041C,0.293203109973859,6.31835568505179,15.9167399214446,0.000252901173033404,0.000477031505861209
YIL045W,-0.192166246795853,5.51464825293057,15.8921261516851,0.000255309189967598,0.00048142436348089
YMR153W,-0.218578711227379,5.1201946202621,15.8871128803373,0.000255802598414443,0.000482205331893397
YBR192W,-0.253810636561783,5.38982771400684,15.8553941303054,0.000258947711567047,0.000487982912630994
YNL080C,0.20348530596129,6.66681378650501,15.8372058168358,0.000260769523082506,0.000491263946735928
YLR405W,-0.226372343451576,5.52332808085796,15.8337376924793,0.000261118431637158,0.000491769005420027
YBL017C,0.174365607857693,8.16975102986987,15.8276712915151,0.000261729919491669,0.000492768118844927
YKL112W,0.234700446006213,5.77585280655051,15.7943621389661,0.000265114402028551,0.000498985813901557
YGL221C,-0.256536048158004,7.10153644569941,15.7844557469327,0.000266129830971476,0.000500742121664017
YDL131W,-0.201777646476834,8.01187490078102,15.7784082307529,0.000266751726290723,0.000501683608740454
YCR075W-A,0.35897933539631,5.34700418157155,15.7779870447183,0.000266795095790322,0.000501683608740454
YIL087C,0.309351244584445,5.76727867404881,15.7595213083169,0.000268703821544047,0.000505116698824691
YMR168C,-0.182291691453589,4.84790074620311,15.7435225790839,0.000270369157731388,0.000508090279430357
YBR082C,0.148172302295196,8.93849599418376,15.7381416094541,0.000270931709521149,0.000508990260091446
YMR209C,-0.157094423680816,5.64964087151284,15.736464529478,0.000271107290901215,0.000509162921337621
YEL050C,-0.139663513384047,6.0535767814151,15.7115228965414,0.000273732722676796,0.000513935087160846
YDL130W,-0.268759016099642,10.3140793074398,15.6887202094018,0.000276156411373859,0.000518325651822928
YHR173C,0.288533615589281,2.79223331002112,15.6772338156774,0.000277385835986503,0.000520472652475447
YJL020C,0.227703096818573,7.9716105586374,15.6750120412093,0.000277624303302843,0.000520759520837793
YLR433C,-0.234359583396359,5.65340505104484,15.664259299884,0.000278781467182205,0.000522768945394059
YLR067C,-0.336442202841086,4.98109436482353,15.6620596561378,0.000279018807925106,0.000523052817690779
YPR107C,0.17631786476584,5.0453813818832,15.6447283205034,0.000280896304676705,0.000526410229121574
YGR016W,0.320487668284178,3.09169281792606,15.6170913641926,0.000283917750200689,0.000531908716124136
YNR060W,0.194965017305776,5.70692542101209,15.570609642629,0.000289076785840893,0.000541407276651843
YDR542W,0.440265934842112,1.34132859524808,15.5599899211121,0.000290269257987593,0.000543473364570616
YML108W,-0.298168028110102,3.90182391293344,15.5489832628814,0.000291510641624867,0.000545629730632826
YKL170W,-0.470533446987949,2.40767352335937,15.5457786649948,0.000291873120428265,0.000546140202277366
YOR198C,-0.12384186588275,8.16709963505065,15.5435528780299,0.000292125162908952,0.000546443779988003
YDL113C,0.222906927745627,6.12610536167166,15.4900491246492,0.000298253212562114,0.000557735340639355
YDR050C,-0.241398834453429,12.5656577764422,15.4828288749505,0.0002990904835276,0.000559129214213654
YPL137C,-0.147963204269335,6.82811370039662,15.4499526149281,0.000302934249266018,0.000566140941886892
YEL048C,-0.548496393131646,2.47747920695126,15.4299908597092,0.000305293429959958,0.000570374737889575
YGR105W,-0.200268311172292,6.30436675674661,15.421011366931,0.000306360967921648,0.000572193520504367
YPL258C,0.180270739533683,4.24975278086344,15.4136213900409,0.00030724248049661,0.000573663852047215
YPL125W,-0.236161995631088,6.03064396644851,15.3684511901649,0.00031268893686506,0.000583654043197512
YFR051C,-0.153445103992814,8.21883941128792,15.3396422727981,0.000316215591243357,0.000590055772068638
YBR062C,0.200202387607047,5.63510482054911,15.3242915351613,0.000318111826280673,0.000593412159079673
YER132C,-0.199262362726796,5.54569612673714,15.3058620768984,0.000320404184302535,0.000597505198124709
YKL138C,-0.338973537018884,5.19901898507918,15.2967256806949,0.000321547058133827,0.000599452772286868
YOR193W,0.243650179522878,4.5715738083619,15.2924964776494,0.000322077541709328,0.000600257838070831
YNR045W,-0.145179539577481,5.98385521550873,15.2668347949246,0.000325316184700246,0.00060610807835303
YGL061C,0.183585646616162,4.33773378108376,15.2403195780426,0.000328698568312452,0.000612222463477586
YGR106C,-0.116867235090515,8.11689953399437,15.234134082009,0.000329492924723967,0.000613514212651572
YGR028W,0.177251827084355,5.92964879588669,15.2312816435685,0.000329859922118372,0.000614009674545822
YPR025C,0.271002451324262,5.40357470738239,15.2270726050909,0.000330402246789437,0.000614831092267193
YMR261C,-0.178571518144449,7.86732022368723,15.2259003533975,0.000330553455639529,0.000614924419922511
YBR256C,0.259055519018823,7.12484292918597,15.2197700879354,0.000331345386114598,0.00061620925260004
YBR049C,-0.165860051111041,6.26215574979078,15.2161992668627,0.000331807597998535,0.00061688030364225
YML032C,0.181519244954057,6.80897530872586,15.2032448604511,0.000333490137485852,0.000619819024618634
YBR246W,-0.113514995990742,6.3722852756158,15.1871328540137,0.000335595327660407,0.000623541242385825
YAL014C,0.266722565800069,7.16547220581614,15.174476249365,0.000337258841722202,0.000626440797277044
YJL137C,0.211903060086302,4.32691911020034,15.165907213578,0.000338390032954137,0.000628350122223352
YFR011C,0.171348509856783,4.82048196537475,15.1456261589362,0.000341083255252366,0.000633157903664016
YJL166W,0.246195696313262,6.19461108019917,15.1187873747378,0.00034468203529843,0.000639643240253414
YJL019W,-0.1807280840475,4.8273965649138,15.1135347419256,0.000345391017938246,0.000640763519559216
YOL085C,0.619476245869239,1.13415865471233,15.0672905092891,0.000351699542007595,0.000652268123473397
YAL055W,0.349978145563805,5.6722072022148,15.0567592063953,0.000353153076974647,0.000654764312428619
YNL101W,0.185654829180007,6.22322929634609,15.0402969623344,0.000355437881930348,0.00065879972937745
YKR046C,0.203710530750842,7.61473389368994,15.0300529286796,0.000356867505568564,0.000661081536834518
YOR381W,-0.189922464036268,5.28864381722422,15.0299188813466,0.000356886252835069,0.000661081536834518
YBR274W,-0.165559775175255,5.24134402743498,15.0126945264708,0.000359303819345416,0.000665357194375184
YGR186W,0.20854647195117,7.99557452903999,15.0118495037457,0.000359422867210193,0.000665375158799521
YGL121C,-0.484942107179119,3.16561455342952,14.974908186482,0.000364667994684601,0.000674879789433029
YBL019W,0.238444467920898,4.57960652529803,14.9684948728194,0.000365586768342438,0.000676374425467844
YGR111W,0.206110626815707,5.51456600606372,14.9626556903135,0.000366425410755116,0.000677719946639782
YBR248C,-0.333483112216139,7.03625509378761,14.9464062831085,0.000368769878138192,0.000681848893488574
YIR003W,0.161298224850641,7.13476475534857,14.9297790872011,0.000371185201787992,0.000686106304034002
YMR146C,-0.222446700434983,9.33483997370478,14.9265266938889,0.000371659599474749,0.000686774571152095
YJR091C,-0.18247959980658,7.63689190333518,14.8836818952833,0.000377968909747941,0.000698221255560481
YML027W,0.385556474658395,4.37569715506895,14.8726861639502,0.000379606247906353,0.000701033086042536
YLR102C,0.201010696850861,4.89279771193724,14.8596156859391,0.000381562246191157,0.00070443151337172
YDR511W,0.270344316874854,5.04176366645735,14.8565134745584,0.00038202804828719,0.00070507754741509
YNL077W,0.199455444282939,5.7994792708049,14.8435510188097,0.000383980867202163,0.000708466821384221
YJR106W,-0.231618680615721,5.01945096530426,14.8410887799223,0.000384352994187949,0.000708938456997172
YMR236W,0.33580178226681,7.1644867743359,14.7965858667051,0.000391144715755481,0.000721247150112758
YLR121C,-0.31367972444074,7.6174238527244,14.7734133502359,0.000394731046324269,0.00072763962947082
YJR066W,-0.135227470860753,6.73087413986063,14.770764315243,0.000395143227386142,0.000728178842714922
YKR083C,0.199562439383152,4.67715045562305,14.727690742278,0.000401909285116746,0.000740423251569906
YLR466C-B,0.634077274007136,1.24144071760681,14.7261114083568,0.000402159674953963,0.000740660297244209
YPL175W,0.133914233808416,5.70858309413168,14.71990606529,0.000403145070015613,0.000742250454173981
YGR196C,0.127268640570915,6.30062788552643,14.6876388290875,0.000408310167570765,0.000751532779693923
YDR041W,0.190623098017306,6.34972272617717,14.6832021969215,0.000409025779505532,0.000752622276471474
YHR039C-A,0.171839022036212,8.17322049992469,14.67211031208,0.000410820640962892,0.000755696372508827
YDR533C,-0.229730080248478,4.65983607709858,14.6494169835681,0.000414518703143595,0.000762268452290351
YML053C,0.215707030942711,5.89735384345431,14.6414083188568,0.000415832131767889,0.000764452725621633
YPR161C,-0.194904064084851,6.16022466435433,14.6365810319809,0.000416625926964533,0.000765680690298756
YNR032C-A,0.228312834956254,4.80839483411129,14.6342702746812,0.000417006470448268,0.000766148663248101
YOL005C,0.307164341119945,6.6623871906864,14.6120865823111,0.000420678430391265,0.00077254970074814
YMR194W,-0.18605780837033,8.30257803188259,14.6116898675625,0.000420744405633416,0.00077254970074814
YPL038W,-0.175872567319539,4.7224189458687,14.6100492509009,0.000421017362404624,0.000772817692377718
YNR062C,-0.254694960414192,3.00203764160208,14.5814956769912,0.000425797922977283,0.000781357165656444
YLR153C,0.166273261487572,9.06177136292053,14.5802231322211,0.000426012303467831,0.000781514882906769
YDL246C,0.280579292571473,3.93656873642045,14.5784639748845,0.000426308848749062,0.000781823190065715
YPL234C,0.161582865978051,8.46368795231226,14.5705474083034,0.000427646054938254,0.000784039242030514
YGL165C,0.531540864317916,1.97721339297095,14.5652237226624,0.00042854777403483,0.000785455784639139
YOR390W,-0.23811913133785,3.80670923584435,14.5568875854293,0.000429963761635004,0.000787813757768443
YMR062C,0.361285205371784,6.60740599569657,14.5464569386007,0.000431742466141701,0.000790834709955524
YHR119W,-0.192384279880039,5.91526073601839,14.5277156502714,0.000434957848991464,0.000796484655766795
YKL187C,0.239145801566378,5.51029300500872,14.5040586220911,0.000439052646217929,0.000803741080696781
YDL085C-A,0.292781124472348,5.13921823587533,14.489598517157,0.000441575515237525,0.000808116394051229
YML119W,-0.178571476378653,5.71981283534088,14.4729904824271,0.000444491978895196,0.000813209167641992
YOR106W,0.196021896422132,5.799044308395,14.471064714812,0.000444831464182381,0.000813585650601078
YLR122C,0.355618939408858,1.80019227820183,14.4629361391758,0.000446267426582963,0.000815966734001602
YGL216W,0.179461448476244,5.78732409061181,14.4554740975302,0.000447589938491594,0.000818139013433869
YJR159W,0.316810955199729,4.0169456509174,14.4445517344005,0.000449533174986597,0.000821444255193225
YGL064C,-0.202616607669849,4.33586333382497,14.4404274910742,0.00045026924226204,0.000822372616511782
YER139C,0.252030380253913,3.93253340203624,14.4401908588615,0.000450311513264956,0.000822372616511782
YJL217W,-0.332456295930501,7.53765589652368,14.4252328034017,0.000452992056471084,0.000827019701058069
YGR279C,-0.261575428488322,9.10447641716523,14.4226866737351,0.000453450003743413,0.000827607460341532
YPR180W,0.125054343325951,5.64836408408595,14.4112018884107,0.000455521725293839,0.000831139339853977
YKR099W,0.280420495941629,5.15594494264941,14.4003092070646,0.000457495847923013,0.000834278586435193
YDR408C,-0.307235112365471,7.38259360912005,14.4001957509781,0.000457516457343343,0.000834278586435193
YLR343W,-0.278688527020496,5.05243442012879,14.372302413943,0.000462613095508885,0.000843319558469612
YLR209C,0.185964767594501,6.29292107176282,14.3648584641017,0.000463983326440547,0.000845564103441369
YLR097C,0.193960825856014,5.11134302325991,14.3474710329461,0.000467200559718051,0.00085117227721088
YOR278W,0.226671690930383,4.71927447564186,14.3359159269683,0.000469351610938808,0.000854835244705971
YLR145W,0.173328697225491,4.60071931005353,14.3126312705164,0.000473717928327423,0.00086252950145792
YBR283C,-0.10059851884018,8.58623196529229,14.2958824895311,0.000476885078994916,0.000868036406127449
YJL130C,0.172797931728026,9.08970542357268,14.289554697424,0.000478087444173494,0.000869964742163789
YCR054C,-0.287529550333787,3.60659444341009,14.2582627039284,0.000484080444272637,0.000880606727473541
YDL138W,0.189896260281685,5.97417831450273,14.2029250446807,0.000494873097527873,0.000899970949927409
YGR029W,0.2367503741964,6.07453627916519,14.1673859708905,0.000501937765335132,0.000912545952215201
YGL012W,0.191756812950655,8.95056112529397,14.1587442765547,0.000503671613256653,0.000915424661489466
YBR097W,-0.185412365361843,5.06114668209491,14.1507921545868,0.000505272679844117,0.00091806039320736
YDL002C,0.229554263903292,5.46413200494241,14.1438226303013,0.000506680319151912,0.000920343206578921
YBL079W,-0.266627425535587,6.38759534841712,14.1327544077226,0.000508924268416177,0.000924143292543252
YKR011C,0.262399057948118,6.07289989267684,14.1223040389807,0.000511052562117644,0.000927569773412052
YBR101C,-0.218186737500218,6.47063651895998,14.121992774295,0.000511116097000922,0.000927569773412052
YNL207W,-0.271243890417739,5.77129882957939,14.0968582907696,0.000516274066617836,0.000936651071964678
YBR221W-A,0.574777067472834,1.14343990473037,14.0818136046921,0.000519387660772149,0.000942019050908652
YNL305C,0.388254672979736,7.11873299522446,14.0802187158211,0.000519718890634628,0.000942338930128639
YPL172C,-0.145947950419429,5.70963915808311,14.0657589428564,0.00052273209762971,0.000947520051854866
YOR201C,-0.225073591301406,5.69387472869978,14.0638235960626,0.00052313678973191,0.0009479712226083
YKL048C,0.236571878672797,4.61974673461829,14.0594929985504,0.000524043538176847,0.000949331625426054
YBR281C,0.169275133835347,6.06091232418568,14.0516100846381,0.000525698328437825,0.000952045931114335
YNL019C,0.263561375918723,3.43306046812055,14.0453369811072,0.000527019117385133,0.000954153921240266
YBR060C,-0.191012342722879,5.59787199538505,14.0289660795145,0.000530482464718609,0.000960138547832461
YPL197C,-0.685382354891435,1.93292869502856,14.0248011875161,0.000531367387998069,0.000961454224195138
YHL034W-A,0.474557035933075,3.05521271582985,13.995371802604,0.000537664785906004,0.00097255951909573
YEL059C-A,0.402601619047129,3.72278318719042,13.9750110229691,0.000542067623736545,0.000980232240843054
YCR060W,0.304466796172092,5.453410962854,13.9696491526132,0.000543233385998024,0.000981789346967132
YAL008W,0.208038577226677,5.70143222367043,13.9695664216531,0.000543251393794303,0.000981789346967132
YEL043W,0.180718824381722,7.14948330373633,13.9637724929542,0.000544514105801843,0.000983618001235822
YOR357C,0.202870359527477,5.04178937217041,13.9631546521474,0.000544648938511855,0.000983618001235822
YNL031C,0.245831933421987,9.75724907607405,13.9627000114687,0.000544748178170044,0.000983618001235822
YNL196C,0.284490093716373,3.94449490190588,13.9591851830027,0.000545516043328589,0.000984712288239235
YAL024C,0.222795497862248,4.90953151995888,13.9475365635648,0.000548069012907643,0.000989027266768389
YFL001W,-0.220485856210899,4.98267469672658,13.9338341850524,0.00055108821098637,0.000994180777898625
YJL111W,-0.106113744948102,8.54900933835587,13.9132936839972,0.000555646984790659,0.0010021078549055
YGL209W,-0.248868528300726,7.90512642353898,13.911747699263,0.000555991705257536,0.00100217767819403
YPL081W,-0.284760443849603,6.61191813127859,13.9110168540632,0.000556154746010486,0.00100217767819403
YDL192W,-0.127743837264466,9.34459862003656,13.9104116551505,0.000556289795051289,0.00100217767819403
YER118C,0.130185282574205,6.52757712559906,13.9101666114215,0.0005563444859391,0.00100217767819403
YIL153W,0.353907261494617,7.58228312008151,13.892535581956,0.000560294426504716,0.00100899425430044
YOR057W,0.222133204430358,5.38218570772442,13.8819431552961,0.000562681678981336,0.00101299349603593
YLR270W,0.188648269178277,6.6596765861985,13.8705331728158,0.000565265176940603,0.00101734356748996
YOR249C,0.22395604298817,5.17163254148962,13.8622227181666,0.000567154728790553,0.00102044249695166
YOR291W,0.132615960719608,6.72608782938204,13.8272614075631,0.000575177068858646,0.00103457063671441
YBR254C,-0.157520520889779,4.65258373772218,13.8049312533126,0.000580363504124311,0.00104359099367507
YDR292C,-0.087870768373681,7.30893140833891,13.7852661954927,0.000584971737877911,0.00105156662481155
YBR138C,0.278249802741218,4.69250656678024,13.7790767837164,0.000586430102985718,0.00105387689801184
YLR051C,-0.313758681168996,5.24317010339515,13.7672622040523,0.000589224527728259,0.00105858613853748
YGR137W,0.345348269994662,4.76130831712857,13.7412113975548,0.000595435834833981,0.0010694294731301
YDR070C,-0.435813140718361,3.42348620147028,13.7336369882384,0.000597254719674301,0.00107237974895784
YHR098C,-0.122578165423738,7.69138493310439,13.7286345924548,0.000598459181216576,0.00107391318434913
YBR056W-A,-0.807167170764767,0.583265453393334,13.7286240309424,0.00059846172689037,0.00107391318434913
YDL046W,0.239127228463026,8.18668517355614,13.7226938383881,0.000599892902409632,0.0010761640068286
YEL052W,0.15692068192818,7.15378549319187,13.7216345221835,0.000600148934039263,0.00107630600165898
YIL151C,-0.141884138734481,6.53251016013128,13.7115799988508,0.000602584803294117,0.0010803560777975
YDL179W,-0.241821379117728,4.45203850692712,13.6927618275695,0.000607171837582821,0.00108825939077805
YCR022C,0.415914491396124,1.62029867552693,13.6889166825554,0.000608113630936233,0.00108962645590311
YJR079W,0.74674548925011,0.634136075109419,13.6856223611818,0.000608921734825155,0.00109075324003858
YML051W,0.159041623102237,6.66175613186611,13.6743187463566,0.000611703146426444,0.00109541308004853
YDL122W,-0.212925024972289,7.3350266409902,13.668617118704,0.000613111186455524,0.00109761152385462
YHL026C,0.253463173760128,4.85606800673088,13.6650597878539,0.00061399141310474,0.00109886404374775
YOR013W,-0.331975423904365,2.63230600466519,13.6543444802924,0.000616650864906675,0.00110329918052253
YGL261C,0.52933394067574,1.10151973990733,13.648469647709,0.000618114098522118,0.0011055920898022
YIL143C,-0.134061806733672,6.49401205989137,13.6335254451666,0.000621852734592079,0.0011119523626191
YMR255W,0.261927648275446,6.09901001115403,13.6313495795906,0.000622399061126854,0.00111260231696736
YKL053C-A,0.231824643932981,6.00488724432889,13.6282134480179,0.000623187385574505,0.00111368435865517
YMR296C,-0.197714154082478,8.42878085205596,13.5907602259355,0.000632683662924649,0.00113032298558323
YLR442C,0.195206419048541,6.14785327877435,13.5871974711857,0.000633594907927347,0.00113161873047781
YLL067C,0.294296756319145,6.99062423516104,13.5861460469558,0.000633864094644545,0.0011317673168756
YDL106C,0.163488933122132,6.2938423886277,13.5267974106099,0.000649255664513429,0.00115890898168501
YNL033W,0.272478576926865,3.31564954216895,13.523381864704,0.000650153356047505,0.00116017101804958
YOR034C,0.145565803630795,5.56444091446685,13.5028962701944,0.000655565002427449,0.00116948393196405
YGR119C,-0.118666868804174,7.00137270377805,13.5021740898601,0.000655756643526928,0.00116948393196405
YPR095C,0.116565174793474,6.47955000660338,13.4963427045317,0.000657306251120033,0.00117190405451667
YMR318C,-0.240060904181805,8.79523685290109,13.4882875986987,0.000659453129497118,0.00117538731487697
YOR015W,0.267200001891922,5.70890449640147,13.4796933128674,0.00066175186103382,0.00117913911402366
YOL042W,-0.147164757384555,5.16542244834471,13.4694991628587,0.000664489463050428,0.00118367048672771
YKL132C,0.202626072018276,4.27568803461355,13.4459382056479,0.000670862436233559,0.00119467308296202
YGL200C,0.222970171562058,8.67023352105716,13.4432818840898,0.000671584970505287,0.00119560987288609
YOR322C,0.123402412802887,7.07100513997009,13.4422780855719,0.000671858222734125,0.00119574650053734
YKL145W,0.161740154338231,8.99155006043625,13.4372355133129,0.000673232676228175,0.00119784234937089
YGL176C,0.191934443649972,5.16453843046947,13.4236223125437,0.000676958041750085,0.00120411858639265
YJL044C,0.142690069358949,6.61262934506375,13.4199040434813,0.00067797934928001,0.00120558279964023
YNL084C,0.171130526671675,6.93457766614817,13.4154164946743,0.000679214119690442,0.00120742562615143
YBR205W,-0.162912214868196,6.57095777608213,13.40428704512,0.000682286677909891,0.00121253342146077
YER149C,-0.270079987493635,3.38396429833554,13.3814388628526,0.000688640470409365,0.00122346781385138
YJR072C,-0.204301710735972,7.78687053316064,13.3800810006711,0.000689020032316886,0.00122378485016003
YHR003C,-0.151832207893464,5.53990542933503,13.3714018595798,0.000691451317934566,0.00122774475332122
YPR047W,0.165583197768865,5.30337742849595,13.3655435352433,0.000693097518161375,0.00123030875087864
YMR278W,-0.156517866816396,6.17974793574632,13.3491552271146,0.000697724638062369,0.00123816110312322
YPL072W,-0.199731963775673,4.50024604440515,13.3464259975414,0.000698498372816849,0.00123917276926837
YJR107W,0.199899857985553,5.35055916498796,13.34295997213,0.000699482292191544,0.00124055661555976
YLR316C,0.260974772863606,5.32229649397491,13.3113647770064,0.000708519020390941,0.00125621743562904
YPL037C,-0.240365310497317,9.73388471853976,13.3032438222635,0.000710861561521016,0.0012600036707997
YDR042C,0.668670292809898,1.66690639886671,13.2970316294763,0.000712659017309011,0.00126282181721763
YGL116W,0.200301463605322,5.75240344697451,13.2709708402387,0.000720251886028731,0.00127590472386749
snR64,-0.820122939037779,0.867967248473817,13.2381955578214,0.000729922261137587,0.00129265918481438
YCL043C,0.296097582970896,10.3994461625323,13.2283332704931,0.000732858846423956,0.00129748212990683
YOR007C,-0.145118375459922,8.91877158645634,13.2174240306408,0.000736121680711137,0.00130287970538897
YOR059C,0.119671143236119,6.44938749260658,13.1801983040018,0.000747371230184382,0.00132240591325152
YKL193C,0.225451355450613,5.97368253123973,13.1296923159458,0.000762924558118135,0.00134953370236885
YNL170W,0.466167903482177,1.93086290854749,13.1268458347417,0.000763811226142423,0.00135058464662474
YPL051W,0.14308294658914,5.14727772294003,13.1263602609453,0.000763962588937118,0.00135058464662474
YGL049C,0.108345798051881,7.54706294366641,13.1124508854478,0.000768311862845913,0.00135787908376921
YML057W,0.166520248055143,7.28139071432451,13.109760802617,0.000769156023024893,0.00135897630665112
YAL016C-A,-0.681830896552871,1.61171602452472,13.1000182361071,0.000772221475320595,0.00136399642302636
YLR358C,0.395660888443683,1.80856538224306,13.0950045489502,0.000773804024290102,0.0013663950922244
YOR124C,0.161221590883058,7.32464500246467,13.0905986748175,0.000775197541650592,0.0013684586715822
YBR166C,-0.140042870574585,5.92688501077475,13.0756458572876,0.00077994666770166,0.00137644300259994
YNL336W,0.252371094626686,5.80954273106304,13.0726709465432,0.000780895173701592,0.00137771734762951
YBR047W,-0.391088657921353,3.33657224380483,13.0614764913128,0.000784475269062164,0.00138363246731689
YER061C,-0.363580191210917,5.50553755379453,13.0459832896336,0.00078945871268137,0.00139201862262131
YBR152W,-0.225438929777801,4.00860600821176,13.0397169905336,0.000791483757858226,0.00139518501348995
YPR195C,0.438781870848003,3.51024178930586,13.0336689739812,0.000793443455070201,0.0013982344118454
YDR230W,0.472616430110021,1.57602526609613,13.027667035603,0.000795393278882966,0.00140126465026139
YDR291W,-0.182332050875671,5.69087976246429,13.0254220078102,0.000796123908762815,0.00140214587114956
YJL160C,0.502629204139229,4.48320493706189,13.0227741619975,0.000796986542524555,0.00140325900210125
YIL047C-A,-0.53169308195478,1.67042543255283,13.0093531402045,0.000801374116179706,0.00141057607664261
YEL016C,-0.127286850912878,5.57361750325804,12.9968056361772,0.000805499154850776,0.00141742693963764
YHR027C,-0.202418488298841,8.85722689171789,12.9832025321845,0.000809996523710962,0.00142492883688384
YER186C,-0.15327319334652,5.67879691633915,12.9799662404543,0.000811070378086505,0.00142640556377352
YGR005C,0.0984987533020133,7.20907925024426,12.9781940067255,0.000811659069984827,0.00142702844289444
YHL032C,0.213898768437202,7.51457942410921,12.9707771482567,0.00081412765698554,0.00143095516832958
YGR046W,0.227728640394069,5.78356155272185,12.9641313234756,0.000816346340847218,0.0014344405094009
YGL095C,0.134501470137646,6.42665012826173,12.9499116416869,0.000821114965593567,0.00144240316559955
YKL075C,0.159788405185677,4.81390974401973,12.9327704419351,0.000826902396638303,0.00145215038486121
YPR048W,-0.330304028311297,4.3292957999217,12.9281676828041,0.000828463751656749,0.00145447257034949
YGL075C,0.191468764393394,4.19998871579333,12.9097105451332,0.000834756098948851,0.00146509687398435
YCR088W,0.172426780161537,8.10073261337935,12.9078448390838,0.000835394947311021,0.00146579534440241
YEL013W,-0.156932830254538,6.51673205022438,12.8816492131708,0.000844419387322028,0.00148120264394769
YGL257C,-0.194314722163961,5.97892274734681,12.8687244605663,0.000848909797808175,0.00148833975931338
YMR059W,0.235584845536295,3.83859688763741,12.8685305145321,0.000848977371335539,0.00148833975931338
YDR158W,0.217964911169919,9.2213689153459,12.8657864209546,0.000849934060113341,0.00148958777528505
YOR280C,0.149585978699584,5.13466187941325,12.8524816375664,0.000854588723141715,0.00149726463023627
YAR002W,-0.184750054693507,6.47429129495886,12.8518611276151,0.000854806462685426,0.00149726463023627
YLR361C-A,0.238327777184565,4.586752197624,12.837682667979,0.00085979771380474,0.0015055738384178
YJR099W,0.211012892092899,5.12870447890748,12.8359795137112,0.000860399340055905,0.00150619389650178
YLR394W,0.168163795237409,5.58120360503261,12.819096557642,0.000866387177986666,0.00151623985563672
YPR171W,0.187557309384396,5.93216056661022,12.8156482109846,0.000867615589215835,0.00151795309384081
YJR086W,0.280875580424167,5.06405799618973,12.8109179283749,0.000869303654994844,0.00152046931320599
YLL027W,0.210689889549254,7.05705472423484,12.8033939718045,0.000871995819531443,0.00152473981662323
YCL034W,0.264685808018999,7.6751988474633,12.7904187108942,0.000876659199694155,0.00153245367139872
YGL173C,-0.143339313568381,8.42242305525791,12.7853698738348,0.000878480879467316,0.00153519705673711
YGR066C,0.300293856939833,3.54010688126829,12.7720357701794,0.000883311196862518,0.00154319512859846
YCR071C,-0.132532910274774,5.18047140231415,12.759314298115,0.000887945695142998,0.00155053908680298
YDR110W,-0.210537626934034,4.95225713361171,12.7590987525931,0.00088802444001781,0.00155053908680298
YGR015C,0.234775377131754,4.49549928977343,12.7483792658812,0.000891949875023219,0.00155694635384862
YNR076W,-0.264474746455888,3.48461967877926,12.7290647202277,0.000899069041568652,0.00156892317692723
YER100W,-0.123913507460793,6.5963793374139,12.7069610068279,0.000907289850275832,0.00158281500542673
YCL052C,0.0944409010931969,6.64796033361066,12.6980378274828,0.000910630980455079,0.0015881884540181
YLL031C,-0.130775202173947,6.36525327605696,12.6775306631226,0.000918358800195239,0.00160120724905101
YGL170C,-0.778599746327829,0.867544220534019,12.6647982515854,0.000923191590822385,0.00160917239477348
YER163C,0.303269487506084,6.51935428449672,12.6625172714187,0.000924060202164425,0.0016102251804612
YGL229C,-0.265192362443202,4.85353722806353,12.6468181678369,0.000930061944287642,0.00162021956226462
YGL057C,0.176974484708486,3.91233137660443,12.6288803066903,0.000936969911376229,0.00163178646557652
YLL064C,-0.290470674634766,3.51091976197011,12.6215126789618,0.000939822880839934,0.0016362867610618
YJL083W,0.158140256134916,5.2927663338058,12.584529917273,0.000954282784333864,0.00166098705453992
YNL139C,-0.225831200094156,5.88807238590859,12.5820025468243,0.000955279488452675,0.0016622464075592
YBR170C,-0.142320262186723,6.51266635941671,12.5807615308617,0.000955769302394675,0.00166262327189011
YML099W-A,0.442419703555077,1.53245914001402,12.5734813984786,0.000958648021510576,0.00166715439008055
YER183C,0.136027962743356,5.47972829804581,12.5170225803847,0.000981285866923452,0.00170603557149406
YGR150C,-0.199179331577007,5.58417861608495,12.5055571986988,0.000985951533979588,0.00171365755049009
YER179W,0.214616642711002,4.34407543065058,12.5018306995302,0.000987473010788265,0.00171581189909954
YOL093W,-0.214963607062258,5.80278189184189,12.4962485923981,0.000989756740510613,0.00171928911390439
YBL059W,0.216358641939988,4.32186654460971,12.4840717258164,0.00099475784326534,0.00172748329802215
YHR182W,0.164220666393613,4.76122559942517,12.4685642832928,0.00100116544460966,0.00173811461639082
YOR354C,-0.130226209793491,6.11438650538614,12.4580062656385,0.00100555286512296,0.00174523365210304
YOR105W,0.696295421484671,0.660282119071171,12.4546834847769,0.0010069378498256,0.00174713909785822
YMR162C,0.13199449748486,6.66008497236911,12.449873578866,0.00100894625571993,0.00175012484779241
YDR323C,0.176981312662886,4.23683670530585,12.4487683839614,0.0010094083333462,0.00175042738911702
YKR005C,-0.379790844631408,2.88687084953612,12.436484101044,0.001014559397942,0.00175885867136098
snR14,0.601820084205198,1.06548185626807,12.4229326383333,0.00102027399607629,0.00176826182458678
YPR060C,-0.255699506547409,5.44080968208677,12.3977161879038,0.00103099822850661,0.00178633947051899
YOL058W,0.301216174379739,6.43140430038745,12.3862518694211,0.0010359131110579,0.00179434423022696
YHR156C,0.30924519718526,3.76288502357398,12.3837929128137,0.00103697050871622,0.00179566464016454
YFL012W,0.497330536061489,0.519970241613803,12.3825039865069,0.00103752522603444,0.00179611408262292
YDL109C,-0.17058815893297,4.39402970429325,12.3729134366539,0.00104166256856115,0.00180276357499847
YMR247C,-0.226972947429096,5.88603727439272,12.366178333569,0.00104457847721401,0.00180729600052524
YCR031C,-0.277012262218665,10.8778389507537,12.3626122411259,0.00104612587332636,0.00180945876611452
YLR239C,-0.11131067696502,5.51337816224744,12.3596204298789,0.00104742594296896,0.00181119262943055
YKL189W,0.196433914142667,5.35680543357924,12.3564431390198,0.00104880847759576,0.0018128101763229
YJR043C,0.190567362365462,4.95790137604622,12.3561015878325,0.0010489572113119,0.0018128101763229
YER034W,0.186351253308055,4.98221123209802,12.3444490978551,0.00105404481807258,0.00182108538272902
YBR200W,0.138758670762539,5.94489223294203,12.3408886778819,0.00105560452358397,0.00182326242577588
YOR151C,-0.154150805337098,8.72516067417831,12.3314033424894,0.00105977163830402,0.00182994052754823
YFR038W,0.192225873857971,5.78855255848918,12.3219072220553,0.00106396087712899,0.00183665303186663
YPR052C,0.148265824250829,6.21410066065356,12.3188239396507,0.00106532482919162,0.00183848598571497
YOR008W-B,-0.499901803960179,0.788127849327677,12.3141338679828,0.0010674031147213,0.00184155031275279
snR43,0.247352260879276,3.6724122933598,12.2965587688162,0.00107522919330646,0.00185452654231004
YJL080C,-0.132665153894502,8.9727081672349,12.2896212290545,0.0010783350770322,0.00185935645898014
YMR234W,-0.180427789770867,5.47397024385051,12.2845020304807,0.00108063297092873,0.00186279082949046
YBR195C,-0.183646866350273,4.76500585868457,12.2701020679809,0.00108712453749838,0.00187345024374897
YGL150C,-0.140640910940547,7.33783688430739,12.2503683674584,0.00109608747041894,0.00188836134130783
YOR267C,-0.132735944511287,7.95463338670307,12.2378561660501,0.00110181079795937,0.00189768432085558
YEL011W,-0.342448384053569,9.17944055286963,12.2218749777965,0.00110916679715424,0.0019094145516623
YKL087C,-0.143738280434562,6.01646073875314,12.2216969234817,0.00110924904521384,0.0019094145516623
YPL087W,-0.291511327300163,6.90063940632094,12.2144508897241,0.00111260164735426,0.00191464395479374
YEL009C,-0.175626730681428,9.97107269448896,12.1908325980388,0.00112360379259643,0.00193303055638939
YMR196W,0.277285377799563,7.66755925472036,12.1809805204652,0.00112822707379461,0.00194043576711142
YDR245W,-0.118296815248054,7.33687384051045,12.1748453572102,0.00113111625704279,0.00194485516363532
YPL246C,0.122848709006611,7.29934732181769,12.1606451229446,0.00113783344387359,0.00195585212033074
YER003C,-0.108668203221671,7.30635649571951,12.1540407219157,0.0011409718737693,0.00196069298274108
YPL168W,0.198994692784265,5.39161526802039,12.1274362489442,0.00115370719486316,0.0019820181481486
YAL047C,0.163260171763784,4.58338779366362,12.109427072383,0.00116241308990537,0.00199641085297041
YBR088C,0.277323021730766,3.41597294038372,12.0761958228403,0.0011786600212418,0.00202374329267956
YKR086W,-0.205853298261364,5.64905323270147,12.0688557929833,0.00118228080213939,0.00202938749817157
YDL053C,-0.119237689663751,6.13676340413651,12.0460288782514,0.0011936163445193,0.00204826719018611
YOL131W,-0.475342730519014,0.957703250228953,12.0083068674173,0.00121260065959201,0.00208025796831615
YLR404W,0.202407240733445,4.29171505083546,11.9942205567995,0.00121977133954386,0.00209196972974194
YNL029C,-0.17822064573588,5.35381989405278,11.9832818285852,0.00122537059410658,0.00210098057625768
YHR037W,-0.135496880694776,6.80545111959387,11.9789664916151,0.00122758695952189,0.00210418778836357
YJR055W,-0.313367634021334,2.72618905632261,11.977144893574,0.00122852380522134,0.00210520060680705
YKL171W,0.156960831906975,6.23353807453425,11.9707643178515,0.0012318112820731,0.00211023976672715
YJL008C,-0.164039270396097,8.26831009373323,11.9679177629734,0.0012332809117623,0.00211216277739195
YCR020C-A,0.19754758516645,4.63332154497291,11.9397730532175,0.00124791155429644,0.0021366184040219
YGL103W,-0.51359056119921,5.92552644723018,11.937311883215,0.00124919963996868,0.00213791865098525
YDL181W,0.404908213213529,5.19198108550466,11.9369795846059,0.00124937366029639,0.00213791865098525
YKR105C,0.240524875609214,3.38991525919412,11.9323408963724,0.00125180555219544,0.00214147787042712
YOR035C,-0.191420830103668,6.44588177644392,11.9289493616091,0.00125358676910583,0.00214392228499409
YNL246W,-0.116813810421457,6.4714010069032,11.9252136417153,0.00125555184648072,0.00214667968132487
YER012W,0.111605780047953,7.84524630668161,11.9168385076237,0.00125996918932205,0.00215362711152379
YHR172W,-0.219478792242517,4.47155472682648,11.90761591322,0.00126485249423744,0.00216136687094491
YDL237W,0.141577222409899,6.38535278244388,11.9026908047863,0.00126746848568045,0.00216522901049005
YML004C,0.154415362055308,7.48170429899354,11.8964515109124,0.00127079071355288,0.00217029511422095
YGR271W,-0.154498646542926,6.31019487486615,11.8940695144612,0.00127206147477436,0.00217141825778544
YPL140C,-0.130411541492806,5.34299375444689,11.8938810925151,0.00127216205242483,0.00217141825778544
YML097C,-0.174502934345629,4.69715673985992,11.8788723100466,0.00128020060533867,0.00218452627130842
YBR194W,0.222832623696636,3.74270741782149,11.8733160918613,0.00128319004101922,0.00218866384845597
YPR204W,0.282670977283413,7.24246768352814,11.8730289776193,0.00128334471837155,0.00218866384845597
YDR170C,-0.145099830987334,8.01033789520801,11.8580959204894,0.00129141680990031,0.00220181319367984
YPL004C,-0.145947087049647,10.0417105344923,11.8478822977969,0.00129696865050327,0.00221065945050768
YLR168C,-0.199462774177067,4.76998457490972,11.845397880548,0.00129832291585525,0.00221234806580207
YLR342W,-0.11768669624593,10.1221137869315,11.8379858793023,0.00130237210201651,0.00221862660715858
YOR179C,-0.168705929705245,5.00527446697946,11.8134195743306,0.00131588827939303,0.00224102439969398
YPL192C,-0.464065621952239,2.76230501546025,11.7733442627067,0.00133825610856268,0.00227848025198766
YIL030C,-0.135004898659612,7.43952673583818,11.7623350741487,0.0013444708469094,0.00228842100795628
YDR246W,0.213976649206781,6.33399081182029,11.759118713215,0.00134629224238695,0.00229088039567243
YNL166C,-0.13634770754574,6.10831474310938,11.7491051766368,0.00135197951206515,0.00229991482552878
YMR204C,0.157964928358266,4.70979424022377,11.7432904556442,0.00135529366438753,0.0023044328433041
YMR020W,0.200694376732318,6.50593524170272,11.7431167643127,0.00135539279312825,0.0023044328433041
YKL012W,0.156355778426136,6.3564393631367,11.7423060206656,0.00135585560023665,0.00230457578978771
YCL059C,-0.265069572312592,7.14504551387272,11.7342384735287,0.00136047000006427,0.00231177323384281
YJL031C,0.129533791516639,5.16940540810019,11.7329057082947,0.00136123389674044,0.00231242553368666
YML054C-A,0.389531348542976,1.81922854837208,11.7175922819388,0.00137004360398698,0.00232674164952855
YHR210C,0.245564861569813,5.21689601703645,11.6904331690652,0.00138581641071568,0.00235287189151923
YHR071W,0.397568521459031,7.65356352607562,11.6865595562062,0.00138808160614463,0.00235606041098746
YBL029C-A,0.282248052366941,4.98120518704541,11.6735507668439,0.00139571748119838,0.00236836053348917
YML081W,-0.191169264496102,6.67067695461641,11.6663128031677,0.00139998519638311,0.00237494003902739
YOR134W,0.245309308319724,4.92135603863503,11.6617584795372,0.00140267761850626,0.00237884428891042
YJL179W,-0.161493692589831,4.58707481651196,11.648736007734,0.00141040644032942,0.0023912126772244
YDR376W,0.136181116284863,5.68769352234228,11.6481479110555,0.0014107565343033,0.0023912126772244
YPR042C,-0.166142688268798,5.70164707457902,11.6109650363664,0.001433078849231,0.00242837226331681
YOR189W,0.146480411861058,5.50110480094625,11.5998170251164,0.00143984385842324,0.00243915642497367
YML131W,0.217893047140853,5.7951984946561,11.5967250362323,0.00144172615375095,0.00244166536197455
YDR351W,0.187482809224369,6.39380052367149,11.5951395280864,0.00144269236347918,0.00244262187862293
YCL057C-A,0.378497541351379,7.33151278550434,11.5932821555518,0.00144382511716447,0.00244385976020745
YJL005W,-0.154369645410267,7.58625150591686,11.5813874615473,0.00145110161915566,0.0024554931458738
YAR014C,-0.145832323780247,6.83512331824869,11.5779013158249,0.00145324157537453,0.00245843063279233
YIL086C,0.401486023359854,1.77767513852941,11.5548586826796,0.00146747026310879,0.00248181115925987
YHR105W,-0.192648636132906,3.91122994342318,11.548405512914,0.00147148136759358,0.00248790334031868
YPL219W,0.135631685933588,4.99546401144113,11.5399134628485,0.00147677742987119,0.00249616407243505
YER022W,0.141447207766981,6.03829017415229,11.5387162528427,0.00147752568639408,0.00249673529622548
YNL240C,-0.225374295181072,6.0124469007621,11.507496532688,0.00149718001989158,0.00252924498085515
YKL106W,0.152871475148293,5.34907677003782,11.4893829561158,0.00150870978165323,0.00254801527098526
YJL197W,-0.154271593007476,6.51063562421864,11.4886797225002,0.00150915929439426,0.00254806723262738
YOR299W,-0.127736202582726,6.87222861490033,11.4675248794191,0.00152274797613158,0.00257029720797799
YPL139C,0.121103932483051,5.9869649746281,11.4492706869099,0.00153457729147827,0.00258954598409464
YLR117C,0.204783282072543,5.87976444088576,11.4429425744353,0.00153870073450216,0.00259578429981859
YPL129W,-0.0972011005592417,6.80660808827684,11.4276253107508,0.00154873008401842,0.00261139719386955
YLR081W,-0.184392412033733,3.87462980028071,11.4274977723062,0.00154881388211589,0.00261139719386955
YBR227C,0.135048780159754,6.16198262117409,11.4099219561458,0.00156040785146865,0.00263021655850049
YBR081C,0.185542947367509,6.30728235907571,11.3942420921031,0.00157082851304219,0.00264704832507941
YGL159W,-0.170702996836321,4.94166693165389,11.3886953884528,0.00157453236576723,0.00265255521752315
YGL251C,-0.222499710335759,4.57893405643186,11.3844771983658,0.00157735526722706,0.00265657536702924
YJR133W,-0.180932637095398,5.59809455567144,11.3800985238663,0.00158029122274473,0.00266078364427274
YCR096C,0.297262655890413,3.72147526587367,11.377590148973,0.00158197571875728,0.00266237561635341
YMR187C,-0.184883342358164,3.76112656246624,11.3773876523673,0.00158211178779522,0.00266237561635341
YBR228W,0.14782718845568,5.11773570717413,11.3738074491483,0.00158451957308889,0.00266569024115175
YMR103C,0.249785433157641,6.25799430116538,11.3523238470885,0.00159904941038431,0.00268939073028981
YKL095W,-0.176725200874212,4.50736755700702,11.3464441302438,0.0016030504714353,0.00269537499825471
YDL164C,0.138141365784384,5.75779708857799,11.3412220312558,0.00160661289909981,0.00270061864392882
YJL205C,0.296859997203667,3.84003607463674,11.3376173824717,0.00160907680662864,0.0027040133577286
YPL049C,-0.201282350818407,8.19072144350431,11.3332230516804,0.00161208588950189,0.00270832209763086
YNL232W,-0.172693410814563,6.32927696529578,11.3190808501653,0.00162181037881217,0.00272390730197958
YPR113W,-0.192608317606841,8.30883258656217,11.3141941765942,0.00162518494979884,0.00272882185969258
YML102W,0.273643392881742,6.01802397080455,11.290423575219,0.00164170622862813,0.00275580204171094
snR31,-0.300771880818612,3.64494492649244,11.2802799974782,0.00164881023386402,0.0027662945232925
YML091C,0.272888647648552,6.58639757469104,11.2802004070063,0.00164886610287295,0.0027662945232925
YDR472W,-0.13722747074756,5.58769794394624,11.2694185889227,0.00165645297859079,0.00277825699413588
YEL003W,-0.225603875013967,5.30535167751691,11.2529908622317,0.00166808370199137,0.00279699347660994
YMR306W,-0.183367404283011,4.36868055674618,11.2452406108993,0.00167360074778552,0.00280547122597105
YAL012W,0.264820831211884,9.46895222933252,11.2412562937818,0.00167644449728902,0.00280842076889265
YLR113W,-0.174651167772876,8.6902206569653,11.2408150447736,0.00167675974625716,0.00280842076889265
YKL066W,0.479987047626927,4.2401962526599,11.2401997495842,0.00167719944651595,0.00280842076889265
YMR037C,0.137392393627446,6.69915873686017,11.2401899906576,0.00167720642138963,0.00280842076889265
YOL142W,0.155988671736324,5.85825643730367,11.2020260463991,0.00170471862339614,0.0028537036653
YDL198C,-0.265705041393229,6.72578185814428,11.1857032013393,0.00171663086611197,0.00287285446102622
YLR277C,-0.156488955887609,5.56821740943613,11.1557346150388,0.00173873114587155,0.00290904014919669
YJL180C,-0.145004555054833,5.39317816489322,11.129213334832,0.00175853996377465,0.00294088414682873
YLR045C,0.122351495471073,6.45052745458189,11.1289592612804,0.00175873088090546,0.00294088414682873
YMR172C-A,0.541858032554983,0.659554982114731,11.1193400261295,0.00176597514370715,0.00295218646963133
YPL196W,0.150445653731737,6.14612202504779,11.107259742121,0.00177511750931788,0.00296665477731373
YCR052W,-0.223715134889142,7.26046268502096,11.0848181940089,0.00179223427227435,0.00299443864546662
YBR155W,-0.252093955680832,5.88336424186571,11.0706626446977,0.00180312070358269,0.00301180057131504
YGR112W,-0.192599534153865,5.50260793129891,11.067931348242,0.00180522925659137,0.00301449506760661
YMR210W,-0.102322160866957,6.26895293907436,11.0638937286617,0.00180835106077275,0.00301887961722967
YCR007C,0.33706810126641,4.2275099157847,11.0457983969508,0.00182241222716006,0.00304112638997912
YGL238W,-0.213553338727915,6.87985235399603,11.0454594142001,0.00182267673693572,0.00304112638997912
YPL186C,0.281832567525598,4.4930382573114,11.0368952858271,0.00182937284101971,0.00305146209912417
YDR500C,-0.248422527166448,9.91964465995157,11.0346278223624,0.00183115006945702,0.00305358952388216
YMR237W,-0.126085130405803,7.03322927508875,11.0333114341316,0.00183218268599543,0.00305447442309101
YPL013C,0.161524826508473,6.02459598162462,11.0240344216364,0.00183947733739253,0.00306579556232088
YCR039C,0.273172454804399,4.37179147289005,10.9992508902972,0.00185911589825039,0.00309767805061709
YPL119C-A,0.599109084571273,2.07490219490728,10.9953916369439,0.00186219386558256,0.00310195720560358
YPL122C,-0.2355821427378,5.15058446953295,10.9842411611667,0.00187111727757008,0.00311596842748056
YOR136W,-0.169280289332051,8.55077198167047,10.9815448129276,0.00187328186601168,0.00311871960456391
YLR425W,0.172767768186631,5.76231152321971,10.9794580167819,0.00187495893140024,0.00312065784944487
YBL097W,-0.318227719902023,4.02982441869422,10.9769341471563,0.00187698937336068,0.00312318302895809
YJL023C,0.177587092718213,4.65524587026455,10.9732889672752,0.00187992600670039,0.00312721425663528
YDR002W,-0.115168925636666,8.95460884615956,10.9606618743125,0.00189013625329426,0.0031433394646886
YOR117W,0.0917008557240983,8.23571060022811,10.9577966745892,0.00189246119584002,0.00314634600455916
YJL121C,-0.18353397178638,7.32549046031245,10.9483998146873,0.00190010743166565,0.00315819549895806
YOR149C,-0.165686458738217,4.99478855610496,10.9423250909018,0.00190506781046925,0.00316557553978848
YBR236C,0.12446823307717,5.96573617915954,10.9390428305673,0.00190775366700601,0.00316917309957182
YLR401C,-0.24534318671031,6.21866805770109,10.9225349192227,0.00192132281172781,0.00319084315211891
YHR068W,-0.228854695187967,8.7370780833938,10.9143866877639,0.00192805804228217,0.00320115503063766
YBR278W,0.194663353734577,4.3662975955172,10.8267494829648,0.00200209586044152,0.00332317329808691
YPL185W,0.356158791795235,1.65703764859739,10.8234421027909,0.00200494818097002,0.00332700018576564
YPL069C,-0.224125401267105,4.35886976203713,10.8172692755244,0.00201028318904358,0.00333494362195479
YKR043C,-0.236559317457958,8.37920906603116,10.8093423427695,0.00201715623887541,0.00334543355507137
YLR006C,0.129614302325825,6.85875184968034,10.8034668012315,0.00202226665474776,0.00335299525725889
YMR094W,-0.315934739679785,2.43357205970962,10.7892182749934,0.00203471662499756,0.00337271878591941
YCL068C,-0.303634637190606,2.16531247808179,10.7867603007407,0.00203687251613174,0.00337537289233705
YPL276W,0.351260423959177,1.05800204319091,11.4243133794529,0.002037596323057,0.0033756530426904
YJR060W,-0.193947031254658,6.17662605904513,10.7582512324992,0.00206205500488316,0.00341524352332989
YKL016C,0.192049668676242,7.1306230846892,10.750863473878,0.00206863427002844,0.00342520803622396
YLR216C,-0.211124776734684,7.60875392890805,10.7487663468719,0.00207050593475626,0.00342737448666808
YOL115W,-0.210949762586091,5.90371069392322,10.7284785895085,0.00208870525402471,0.00345656009538765
YER017C,0.0957830694114946,7.27049983135904,10.7162569661307,0.0020997503278152,0.0034738936228264
YGL167C,0.119068827689409,7.83982446086984,10.7077441661232,0.00210748008878694,0.00348573425938258
YNR044W,-0.265724029046395,5.62448611210101,10.6960927749735,0.00211810853857237,0.00350206687458745
YOR229W,0.202413060666725,5.50120399572156,10.695658411052,0.00211850586119251,0.00350206687458745
YMR287C,-0.11888361759936,4.98797889974459,10.6886931859803,0.00212488788523448,0.00351166289561429
YLR229C,0.177140433972182,7.25259932878646,10.6789148862663,0.00213388176158233,0.00352556897073811
YCL010C,-0.237166594792777,6.10601605707967,10.661092482244,0.00215037812102162,0.0035518596271489
YPL105C,-0.142181029328581,7.6308756203696,10.6603684528022,0.00215105112361208,0.00355200707928888
YDR405W,-0.194209200907772,6.95984117098434,10.6577287486986,0.00215350667789446,0.00355509716087569
YFR005C,-0.207999506527365,5.21097021404466,10.6437872206141,0.00216652487547143,0.00357561808170428
YGL258W,0.281142325913372,2.1965590599163,10.6306891389934,0.00217883130677232,0.00359495349829435
YKL207W,0.184650618979541,8.0978495051501,10.6091847445498,0.00219919652114528,0.00362757138280537
YGR030C,0.279789555153132,4.25037228724473,10.6030488059945,0.00220504424684606,0.0036362315019128
YOL057W,0.12249198297847,6.83258304862944,10.5938302944308,0.00221386067766438,0.00364978114971221
YBR042C,-0.118332613836943,5.89073833224166,10.5860740702226,0.00222130747348309,0.00366106608237936
YDL061C,-0.318692949956907,9.0491028250127,10.5720842069091,0.00223480627146259,0.00368231685942319
YGR124W,-0.209017362140946,9.85413027763004,10.5677686538385,0.00223898782614291,0.00368820815432583
YIL010W,0.178519815526336,5.51136596295572,10.5410146886576,0.00226509639295045,0.00373020610314033
YMR150C,0.187010668313666,5.76437495561709,10.5390586144923,0.00226701786689535,0.00373236031386856
YKL033W,-0.156054513669548,4.95677375789908,10.5288667519415,0.00227705737445272,0.00374787506722878
YOR296W,-0.179245733392199,4.70886320761181,10.5107512417539,0.00229501830957304,0.00377641601237208
YOL097W-A,0.27954872243265,2.14529274527127,10.5096629969913,0.00229610202785833,0.00377717784252985
YLR126C,0.161991584889396,5.4127033211291,10.5013908584164,0.00230435747098886,0.00378973384080195
YIL118W,0.122874129063948,6.82182491184865,10.5002262154823,0.00230552228167354,0.00379062498891745
YNL162W-A,-0.545534196848585,0.816075165162133,10.4941854122094,0.00231157395359801,0.00379954821924471
YPL085W,0.145450401711249,7.42414231900452,10.48961820709,0.00231616052654776,0.00380605908831842
YER140W,0.129570684536768,5.40355649093661,10.4885765095546,0.0023172079887864,0.00380675232499062
YKL050C,-0.259339523579208,3.51368762495051,10.4877834623012,0.00231800576058035,0.00380703510205976
YHR181W,0.116115832962927,6.09821940297384,10.4800810181679,0.00232576921911144,0.00381787843652403
YML011C,0.157739159155982,4.54374627731424,10.4796497835317,0.00232620468178377,0.00381787843652403
YGR229C,-0.143603049308406,7.17362123739274,10.4793670227148,0.00232649026173067,0.00381787843652403
YIL147C,0.146979172397187,6.68190907308529,10.4764107025517,0.00232947827771552,0.00382089203631723
YPR179C,0.193743925411204,5.31449711639814,10.4763076675969,0.0023295824905073,0.00382089203631723
YLR360W,0.1568271009544,5.56307553502757,10.472300613016,0.00233363917824851,0.0038265142548214
YLR077W,0.150624516766406,6.46083318888749,10.4637238778665,0.002342347278202,0.00383975840190172
YLR464W,-0.397736118798599,1.06648933194775,10.462348428029,0.0023437469894466,0.00384101816072786
YGL052W,0.209654370505637,2.99449828967253,10.436631215933,0.00237008136323386,0.00388313007411902
YDR177W,0.0996092085247765,7.18680948524199,10.4317499858764,0.0023751149721155,0.00389032963804114
YPL026C,-0.166406266587214,6.26520192076635,10.4267382648742,0.00238029491110382,0.00389776494458201
YKL065W-A,0.4933497192796,0.660708601217194,10.4223262923877,0.00238486486029263,0.00390419765264479
YLR183C,0.148826323551138,4.99606862940219,10.4189263509548,0.00238839287180716,0.00390892163123899
YJR112W,0.205044735066169,4.76702617277634,10.4045486326312,0.00240337331666243,0.00393238145520055
YJR096W,0.211909775153441,6.46883432532781,10.4011808653411,0.00240689660853012,0.00393708759755532
YDR096W,0.139090739509252,7.64503509193525,10.3988413957972,0.00240934733084482,0.00394003722337832
YOR042W,0.213453122926077,7.73117684225658,10.3802908182956,0.00242887376437475,0.00397090189581417
YNL235C,0.563411953221668,0.628133974461844,10.3595161074547,0.00245094018802916,0.00400590143544385
YGR055W,-0.362360505400069,7.32053656043357,10.3526867742331,0.00245824038128231,0.00401675422129507
YLR293C,-0.130008828516235,9.69411883278048,10.3425949087227,0.00246907018313163,0.00403336699714254
YBR021W,-0.185325691766567,4.50793068872635,10.3407647160587,0.00247103960323662,0.00403550080131369
YKL007W,0.150092301928747,7.28517843091416,10.3322211078132,0.00248025515424512,0.00404946407662505
YPL029W,-0.148336026791312,4.95346909717134,10.3134608969705,0.00250061863008109,0.00408161597747946
YFR033C,0.316436835717284,7.40486931403532,10.30955481802,0.00250488072847588,0.00408747632951883
YNL078W,0.191598902756377,6.56413043746854,10.3033918815012,0.00251162102028635,0.00409737638296044
YIL099W,-0.436216136535129,4.16830456719242,10.2887260591002,0.0025277380378104,0.00412152848687571
YLR262C,0.141968591323363,5.07230234568428,10.2886875554337,0.00252778049515532,0.00412152848687571
YDR497C,-0.192141405883302,9.48881771746775,10.2809128654928,0.00253636899014125,0.00413442413742553
snR9,-0.36303753464808,3.70819987505116,10.2787333568356,0.00253878217191289,0.00413724946869039
YIL029C,0.347103575300815,3.89500691137929,10.2757578925811,0.0025420805687894,0.00414151546481487
YEL020C,0.221225684680844,6.04154013420052,10.254329576938,0.00256596883868607,0.004179314877785
YEL059W,0.401086038263771,2.88018637888596,10.2459026696105,0.00257542810796079,0.00419359915358347
YCL001W-B,0.468750505234032,1.45849799949527,10.2317099634592,0.00259144301893703,0.00421854755757941
YJL187C,0.136149834082758,5.89516520725807,10.2159982593464,0.00260929490710352,0.00424647218767717
YGL222C,0.30105247271625,4.26539533163418,10.1907761491325,0.00263822529033681,0.00429240665553462
YHR111W,0.107787448502496,5.8820507799997,10.1681508068508,0.00266446595587097,0.00433394155078184
YNL172W,-0.137135023633481,5.21083545109257,10.1543801670225,0.00268057209452124,0.00435897413018754
YHR123W,0.1449507560104,6.23933271243492,10.1302111124166,0.00270908980618514,0.00440332819702846
YDR256C,-0.131317332133633,5.08510634694609,10.1300380894378,0.0027092951141618,0.00440332819702846
YPR147C,0.158909769136988,5.63034691378137,10.1255293485773,0.00271465096649257,0.0044108547746615
YBL101C,-0.321446575273361,6.91104143186378,10.1095146144323,0.00273376533579953,0.0044407266599947
YLR241W,0.109767084269311,7.03977977603422,10.1039339110512,0.00274045959818743,0.0044504127715427
YMR316C-A,-0.549909898241211,1.15651481138116,10.0972152849771,0.00274854186245252,0.00446234718063597
YMR245W,0.27604542935406,4.28596105454644,10.0960792640774,0.00274991094585541,0.00446337906255805
YOR353C,0.110924400482675,6.51661877119785,10.0841919044855,0.00276428044332663,0.00448550573270467
YPL091W,0.13038187476459,7.94968364614871,10.0789343282407,0.00277066115153436,0.00449466091897803
YIR004W,0.0973563800135289,6.95358664962555,10.0660005869659,0.00278642424776159,0.00451902759798222
YLR200W,-0.10459267352021,5.81863893276311,10.0533172374811,0.00280197437602008,0.0045429340592664
YDR121W,-0.171056800244036,5.6862517765873,10.0527612846062,0.00280265808685063,0.0045429340592664
YML073C,-0.215518799110618,9.95607190331653,10.0428021237191,0.00281493582066155,0.00456162036450747
YBR132C,0.19735490201631,6.11003020362533,9.98952695343385,0.0028815877686483,0.00466838700005988
YPL149W,0.28943265214531,5.81801463137015,9.97983332953114,0.00289389393302501,0.00468707601343017
YNR071C,0.255767534575674,3.45257439113741,9.9723039402165,0.00290349095855425,0.00470136840947381
YGL098W,0.130731986249768,5.45197538890603,9.9515864630686,0.00293007192412572,0.00474314649063714
YAL058W,-0.165394729722272,4.987850021523,9.9369276179485,0.00294903507373218,0.00477257404884583
YHR074W,-0.115416468553355,7.27397918056311,9.90446234986004,0.00299149720038728,0.00484000544120091
YJL191W,-0.24808213281108,8.18280415407436,9.89571096623391,0.00300305376383955,0.00485741152391378
YNL054W,0.127747119142084,6.33428702545778,9.86701629046459,0.00304127898662238,0.00491793320053075
YNL282W,-0.232776399350153,4.01784073640547,9.86622998262834,0.00304233367930263,0.00491833167868133
YOR054C,0.201447975324065,6.19069777587504,9.86048530202537,0.00305005090974257,0.00492949795107132
YDR254W,0.204195449424021,5.01573619239548,9.85979640895314,0.00305097773863376,0.0049296865479518
YHR072W-A,-0.179686574890516,7.28876623016166,9.85379787325606,0.00305906071377215,0.00494143468099376
YPR193C,0.32553747000671,1.70230386431314,9.82883946118478,0.00309293617690761,0.00499482925596678
YPR068C,0.149528022288913,4.65687403685645,9.82376046169594,0.00309987829234624,0.00500471196840723
YKR104W,0.367504121719054,2.85198757699425,9.81769418705888,0.00310819146888099,0.00501680241064743
YDL087C,0.181265626839342,5.22029304370982,9.79825642182603,0.00313498820986606,0.00505871208088968
YKL173W,-0.197947837603906,6.00870787181028,9.79508053960996,0.00313938965304425,0.00506447137825405
YML081C-A,0.2037552393667,5.9262622504872,9.78708274959402,0.00315050277257981,0.00508105204642145
YNL070W,-0.216987461419405,5.38890408302675,9.77808693306178,0.00316305246966961,0.00509994019023306
YNL104C,0.318827515106581,8.9650585403446,9.76546691948939,0.00318074743124197,0.00512711208453176
YLR402W,-0.363066874033694,1.42225488975452,9.75843366652408,0.00319065446219189,0.00514134053714885
YOR336W,0.168308259258829,5.88717421854055,9.75800148961368,0.00319126429068385,0.00514134053714885
YNR023W,0.142069212106802,5.269993322029,9.71630464001371,0.00325068554821714,0.0052356859610644
YPR085C,-0.110124858093605,5.12890923933501,9.7106984808216,0.00325876368589798,0.00524730802558592
YHR213W,-0.445138096709984,1.00399129966947,9.70740482199813,0.00326351956181769,0.00525357580255572
YBR137W,0.189985669129164,4.89860514638281,9.69775098410021,0.00327750160867501,0.00527468851858965
YDL213C,-0.208847627889476,7.06613130638599,9.65968340542955,0.00333325785019118,0.0053630021201516
YDL050C,-0.25723137163296,2.44761102642199,9.63230016145218,0.0033739858898676,0.00542709599255733
YDR071C,0.131529707905005,7.41020989261081,9.6129885686915,0.00340302543901806,0.00547235988277613
snR37,-0.568228719653163,3.07143579549677,9.61199917367653,0.0034045203399761,0.00547331737615709
YNL008C,0.168234447799147,5.86869426156992,9.60673474195382,0.00341248620383163,0.00548467473595231
YOR298W,-0.436372682303803,3.68660771727622,9.59540123950171,0.00342970255099133,0.00551088989246957
YJL156C,0.12356794912329,5.65610425570991,9.59232007659003,0.00343439893329146,0.00551697927905981
YNL159C,0.143320522302853,5.90611017357652,9.56710371372809,0.0034730912986449,0.00557766179790293
YCL040W,-0.347848083956519,11.2779291228277,9.53493953729392,0.00352311589503138,0.00565650665468758
YCR023C,0.0979419387811351,5.96376731520605,9.52684084351139,0.00353583162740492,0.00567542480948534
YGR164W,-0.485434124206582,0.964230134109313,9.52561051145382,0.00353776761814412,0.00567703479863053
YMR092C,-0.130906987236416,7.57917261863495,9.52433513770557,0.00353977566982141,0.00567875954412424
YNL335W,0.244634371745334,3.03854297903175,9.52183000713178,0.00354372346649261,0.00568359443690235
YPR203W,-0.313877931148516,1.67163397900514,9.51502556219788,0.00355447004742726,0.00569932812611196
YGL104C,0.189554368472921,5.37004942132467,9.50870624952358,0.0035644813626112,0.00571387489238386
YKL201C,0.104390024481444,6.04935024104867,9.50385166241449,0.00357219248832988,0.00572472775651497
YIL061C,-0.177187397202357,4.43505416009991,9.49809570675551,0.00358135827426258,0.00573790550260342
YCR028C,-0.125098197434449,5.64238531857539,9.48415794367447,0.00360365615193412,0.00577211047236618
YLR034C,-0.14407278111102,6.30788247683179,9.47521451054807,0.00361804145346792,0.0057936269064085
YER007C-A,-0.101064106901147,6.84737325437429,9.45560354621556,0.00364979864897705,0.005842942588536
YPL193W,-0.216919457329646,5.24027201420566,9.44061432792831,0.00367427068230727,0.00588057262015774
YPL078C,0.127021396962788,7.53701731419692,9.43623794566817,0.00368144849842421,0.00589051120507791
YEL075W-A,-0.422985006451005,0.488665403096646,13.85693361077,0.0037215593474768,0.00595312529689703
YKL220C,-0.133866233747878,4.73258086933977,9.40426366814478,0.00373434332024834,0.00597200502068624
snR24,-0.408942788996761,1.30297083126239,9.40341501835021,0.00373575815973418,0.0059726979511252
YNL052W,0.248003478864398,7.12062443998449,9.38612304854966,0.00376471078707494,0.00601740613064118
YBR222C,-0.188624553739443,7.57199046243835,9.38463567076389,0.00376721224513811,0.0060198231385676
YIL071W-A,0.349448872149168,1.73460305557602,9.38094948151829,0.00377341923908082,0.00602815859013043
YDR026C,0.13568448646526,6.20661591061455,9.35980907662339,0.00380922648745909,0.00608376461317284
YCR042C,0.159592031290341,6.73511443988224,9.3493933058827,0.00382700079926808,0.00611054837668494
YIL095W,0.165296120265013,5.64990764167787,9.3471104719332,0.00383090814270132,0.00611518259400249
YOR363C,-0.121456513847442,5.59766824396577,9.32998306147241,0.0038603589658399,0.00616057810310406
YJL174W,0.185137107793694,8.27379531593986,9.32793930380217,0.00386388922886418,0.00616459516456175
YLR295C,0.196649719945885,6.24582453146932,9.31112535080542,0.00389306283727201,0.00620951176010489
YBR291C,-0.123385539417103,5.08616753607757,9.30131924736724,0.00391018495582339,0.00623518748851817
YJR074W,0.285484093797065,6.14412447478292,9.29639979775353,0.00391880469708233,0.00624729541046528
YDR219C,0.235940366590987,5.52505494703654,9.29162050372826,0.00392719815229754,0.00625763373594219
YER188C-A,0.392243578684696,1.16291260927246,9.29153615096955,0.00392734646467761,0.00625763373594219
YIL092W,-0.205404197122102,4.28516924414474,9.2850157846478,0.00393882881907825,0.00627428622096627
YJL097W,0.0973623574375599,6.61670805812592,9.28402729543506,0.00394057265097008,0.00627542124604893
YKL102C,-0.45783102599817,0.878775821060316,9.27970324508903,0.00394821050044543,0.0062859395330221
YMR272W-B,0.468715981470668,1.08811402446377,9.26348261452398,0.00397700219367047,0.00633012250810484
YCL067C,0.278756113428428,3.74912159746285,9.23495893684772,0.00402817302975391,0.00640989353714763
YGR182C,0.223186915454121,5.00076070778977,9.22745835939687,0.00404174448155094,0.00642980788764378
YBR206W,0.25707399177438,2.79574610593087,9.22037699224882,0.0040546019121311,0.00644857622459951
YGL201C,0.131893014635177,6.58961167446144,9.21430525717857,0.0040656607141595,0.00646447490087812
YLR225C,-0.135433117937676,7.02582640022797,9.19684332441155,0.00409764374366534,0.00651362648385674
YML029W,0.156746853025178,6.40784810031992,9.17862616429674,0.00413129451831683,0.00656437908982164
YMR284W,0.235742244221632,5.15279884251479,9.17839189956574,0.00413172915596005,0.00656437908982164
YGR166W,-0.136561011533711,5.97960999533774,9.17746472562019,0.00413344984239579,0.0065653986664
YPL228W,0.132158738470779,6.03714394555782,9.17650151669323,0.0041352382086773,0.00656652518262041
YPL143W,-0.382367090788749,5.09100592313991,9.1603553244505,0.00416533890292599,0.00661259776266753
YIL102C-A,0.254308555818941,3.37843160653341,9.15605679696495,0.00417339157147035,0.00662365355044263
YBR114W,0.142683950875168,6.23247599552839,9.15366780368177,0.00417787413936297,0.00662903888866328
YGL205W,-0.212482882031707,4.01738593753596,9.14367183672448,0.00419668543429315,0.00665715090398171
YMR325W,0.569318208464805,0.417348808852309,9.14036991785278,0.0042029189941997,0.00666530155843241
YFL027C,0.139374709341347,5.18516373352227,9.1392153017175,0.00420510106382144,0.00666702448498006
YMR052C-A,0.549657389481573,0.727586887577383,9.13071860816522,0.00422119566908757,0.00669079855337272
snR32,-0.43639623900701,2.22645242736856,9.12803194601276,0.00422629838047591,0.0066971420951031
YDL235C,0.171292945643254,5.60725758715432,9.12484008383353,0.00423236910875986,0.00670501588825924
YHR054C,0.43962611939225,4.61635310047005,9.08355335376782,0.00431173280873751,0.00682896776188645
YPL155C,0.132141081686288,5.83653527050058,9.08052861052408,0.00431760885980479,0.00683649490291756
YPR143W,-0.493026633553475,4.76294499641942,9.07830111897168,0.00432194155070487,0.00684157500937543
YBR076W,0.276544350291298,3.2105449551639,9.0678204497163,0.00434238946538791,0.00687215601999621
YOR027W,-0.147777227604666,8.5807938637534,9.05816999862728,0.00436130836044849,0.00690030196914432
YHL007C,-0.145322419726869,6.9754945378517,9.04029988827746,0.00439657240532569,0.00695428725926874
YPR174C,0.133871610280869,4.9023027010648,9.03918277324959,0.00439878688821733,0.00695598186455365
YDL027C,0.230847760611175,5.77890585085183,9.0341828208816,0.00440871291627663,0.00696986700325885
YBR058C-A,0.153242238057034,6.08648338385533,9.03294425539694,0.0044111754164085,0.00697194867762226
YDR007W,0.12134449460346,5.47281566938354,9.02069075709403,0.00443561642693427,0.00700875771433265
YLR082C,0.231637685986383,4.66830822387208,9.01943546771639,0.00443812834461648,0.00701090627647748
YIL136W,0.313972071015104,7.90506829312964,9.0099803990669,0.00445709711998583,0.00703904385546684
YNL222W,0.152709335806179,4.43840594854446,8.9990733248541,0.00447908578518329,0.00707193487359635
YPL282C,0.482075443625532,0.585309080631024,8.98888573218501,0.00449972792720314,0.00710268338184983
YCR012W,-0.23488096433654,12.2308005653241,8.97476547313215,0.00452850547482989,0.00714625410122923
YDL236W,-0.103942285528008,7.53262472874159,8.96385831706631,0.00455086824374014,0.00717968194533543
YGL126W,0.415290903474137,7.98064024783377,8.95872011505203,0.0045614435833949,0.00719450083073042
YPR117W,-0.167424024291259,6.47487804028291,8.94819263684415,0.00458319253193864,0.00722693095538912
YNL211C,-0.311732916719645,2.61287334784855,8.92699686288857,0.00462731577595887,0.00729461567272273
YOR012W,-0.198150598543403,2.31077462852986,8.91993724103929,0.00464211165783183,0.00731604492046275
YGR135W,0.126903959543682,8.58814696722184,8.88515510936634,0.00471574613514087,0.00743016966140139
YNL241C,0.231040438272963,9.10094545973899,8.86836982002096,0.00475172334798723,0.00748491756989446
YHR127W,0.136982498415836,5.14582425583575,8.86662677579388,0.00475547600721983,0.00748889014076933
YBR216C,-0.141646700605045,5.35986030756549,8.86381081999233,0.00476154521987346,0.0074965078041216
YDR394W,-0.152559488839727,8.49705455350534,8.86207990409276,0.0047652799309471,0.00750044707186061
YDR063W,0.180224224372288,5.95245088720558,8.85787225091692,0.00477437154272205,0.00751281376712275
YDL130W-A,0.288128296359458,5.79699272380839,8.85622598416273,0.00477793369226547,0.00751647531474544
YCR068W,-0.277983442623055,5.47838861168367,8.8412461798002,0.00481047648862085,0.00756571450846676
YOR386W,-0.170899083591951,5.29115223691493,8.83356371292172,0.00482725739394376,0.0075901450238108
YDR188W,-0.175629155431462,8.77482795943848,8.83204224168937,0.00483058812536813,0.00759270170872978
YNL037C,-0.191212117623581,8.79127360070721,8.83168115026149,0.00483137896732978,0.00759270170872978
YOR062C,0.250335933114261,6.26167036337215,8.82876183670724,0.0048377777301998,0.00760079460063666
YDR478W,-0.170706810522232,3.12559608235505,8.81774186926535,0.00486201326095829,0.00763690002398843
YDR122W,0.115940805840814,7.76084543026055,8.80531513543906,0.00488949725816666,0.00767808795250171
YPL030W,-0.243123939303523,5.22491719770231,8.79163525788231,0.0049199435785128,0.00772390523097276
YML013W,-0.145395782020179,6.04087925587057,8.77792738973398,0.00495065410025435,0.00777011354141029
YHR012W,0.169780631218133,6.50282632616065,8.77459945884915,0.00495814050455541,0.00777985687731296
YMR005W,-0.127311356724191,6.02453195457843,8.77250266819452,0.00496286354559374,0.00778526029258518
YOL091W,0.399695646994952,2.20871195872405,8.76382275249973,0.00498246599734634,0.00781399628707539
YJL169W,0.398909564427616,1.9416383886885,8.76037816769022,0.0049902679029835,0.00782421545726736
YDL140C,-0.231617721439182,9.1357750204996,8.74875358757703,0.00501669317246927,0.00786362131748467
YER040W,0.163867685325614,5.81499685690525,8.72883359409182,0.00506232170524047,0.00793310007117905
YFR002W,-0.140895511845257,6.42647013174163,8.72703931392562,0.00506645323696704,0.00793753036739043
YDR483W,-0.105991797777238,8.3834330415425,8.72389771888277,0.00507369573473026,0.0079468310285286
YAL010C,0.152862274455985,5.25700029720003,8.72092701733899,0.00508055437197762,0.00795552582436537
YBR185C,-0.125221796707196,5.12478934521218,8.71316597639386,0.00509851923834448,0.00798160266666482
YGL230C,0.495537923248965,1.27106706827311,8.68592817609908,0.00516210343837595,0.00807906363747882
YER168C,-0.163795224012692,5.50507006682842,8.67366402588129,0.00519100735335479,0.00812091590714235
YHR202W,0.128940669571754,4.68217331048008,8.67344968578572,0.00519151403102444,0.00812091590714235
YNL176C,-0.215251833753951,7.06790657149521,8.67192604592488,0.005195117270514,0.00812446378593618
YOR378W,-0.245421622283583,2.94691554862045,8.66586540608484,0.00520947631911808,0.00814482615668898
YBL006C,-0.249508464401853,6.61287731824765,8.66496109960598,0.0052116224389275,0.00814608850266475
YNR015W,0.191171564826488,6.30926903092853,8.66439134934381,0.0052129750646216,0.00814611023837248
YML052W,0.156251985298723,7.35952572069261,8.66128326014209,0.00522036044410436,0.00815555668867138
YHR158C,0.14664648154822,6.79080911445908,8.66046093340089,0.00522231629822917,0.0081565181403297
YER104W,0.186487631117892,3.87381313851582,8.65578968908015,0.00523344134039176,0.00817179639627504
YOL151W,-0.13339590258101,5.24331123190686,8.64623640062214,0.0052562718911896,0.00820533977883241
YGL001C,-0.148359728926682,7.46077696298043,8.64388136693884,0.00526191620694764,0.00821204414446689
YJL096W,-0.124369031926275,5.25600717421888,8.62273789726767,0.00531288000794146,0.00828945508931379
snR69,0.371252481213858,0.769121540038802,8.6082446777829,0.00534811677177998,0.00834229442611668
YNL280C,-0.134723870531831,7.32981286080404,8.59946652521609,0.00536957932672848,0.00837362639752507
YMR251W,-0.229911764985701,4.42423589480771,8.5703192829215,0.00544150273429539,0.00848361366594605
YOR132W,0.162065638787376,7.42091507637082,8.56936580825575,0.00544387272888981,0.00848513461969634
YNR043W,-0.178861613782291,7.51824588235744,8.55844907799852,0.00547108604796885,0.00852536711956222
YMR253C,0.0951258316175979,5.49438044831047,8.55463645857705,0.00548062418529813,0.00853804356567821
YGR288W,-0.177091448543684,4.87932201421233,8.5539893290487,0.00548224487976007,0.00853838241447146
YML103C,-0.170688306562811,6.67674955808189,8.53476855762043,0.00553061488127762,0.00861151267977848
snR61,-0.505120614425918,1.41690195311322,8.5260186438782,0.00555278440602214,0.00864382018691347
YJL068C,0.216970787993253,6.70229694373671,8.51681166582212,0.00557621392864961,0.00867807206031532
snR8,-0.337188810935775,3.42632749694639,8.51117508423346,0.00559060945834587,0.00869825071696103
YDL206W,0.178621817207202,5.45304487605975,8.5090512596992,0.00559604382712134,0.00870448023722735
YDR248C,-0.153464536849375,4.94612737975762,8.49575115446638,0.00563020351526888,0.00875537653728882
YNL244C,-0.127605525093075,8.47148880565472,8.481597444674,0.00566679897151393,0.00881003365908591
YDR179W-A,-0.236541384291647,3.41075188042222,8.47354921574827,0.00568772086914717,0.00884030178512402
YPR103W,-0.1244486418185,8.57158843474348,8.46234401076225,0.00571698628016708,0.00888351928366105
YDL147W,0.154347832801999,7.98552274571262,8.45282863922662,0.00574196383213481,0.00892005359166207
YCL014W,0.212305750412125,5.16930598955821,8.4417233307177,0.00577126159834418,0.00896327892443194
YDR356W,0.252607946936699,5.35375099913367,8.43965042628957,0.00577674785255529,0.00896951025332966
YML025C,-0.108258098169498,5.8639326965348,8.42877000953375,0.00580563552256426,0.00901206432520498
YBL091C,0.176889014324219,8.64527496524763,8.4048469926843,0.00586969256124438,0.00910917603549402
YOR006C,-0.14004208631861,5.63371225807174,8.4035169571844,0.00587327587070485,0.00911241297124911
YKL215C,0.104344922186683,6.07018604975783,8.39382902636642,0.00589944679187423,0.00915068410108456
YDR229W,0.0896329149840555,6.58312998352877,8.37632945110841,0.00594703459772106,0.00922214717816836
YGR021W,-0.238958413339965,6.35320762112158,8.36884802627536,0.00596750366152181,0.0092515311542319
YBR046C,0.23364711732923,6.23713823942116,8.3545220623735,0.00600690849195759,0.00931024915271573
YHR102W,-0.105246239557017,6.25686254089827,8.3460915965616,0.0060302263828174,0.00934401006861316
YDL066W,0.18194303215296,7.60883783718393,8.33307528138469,0.00606641740479875,0.00939769600514267
YPL274W,0.15291228151384,6.57325612028131,8.33161343037931,0.00607049638056074,0.00940162139875595
YGL128C,0.180947940140957,4.76324816002318,8.31534584527738,0.00611608471359313,0.00946981564432931
YIL071C,-0.245260476969433,3.69793537290209,8.31169260869616,0.00612637249779706,0.00948333163294203
YPL174C,0.187704916160178,5.20252155044796,8.30981189022277,0.00613167590944074,0.0094891271385928
YBR250W,0.39144516406566,1.41208913455894,8.28796079378809,0.00619365242852194,0.00958260234618765
YOR225W,0.494832865320989,1.72510829960557,8.28701693346018,0.0061963444660102,0.00958433047170109
YMR160W,0.135405220465067,5.57742428074729,8.27403282560332,0.00623350366399607,0.00963935700010574
YLR144C,0.110734620155639,5.73036228347752,8.27174277428409,0.00624008209287423,0.00964707813392777
YPL261C,-0.388526363034284,0.967099113325546,8.26127412644325,0.00627024856203252,0.00969125285749756
YIL009C-A,0.172056409423831,4.70271957416342,8.23370100371604,0.00635044755369584,0.00981271543022834
YHR086W,-0.132499885542764,6.47235709454488,8.23097114164109,0.00635844672341095,0.00982056488234791
YML085C,0.134491149791679,8.37925234406989,8.23086592781508,0.00635875524017268,0.00982056488234791
YEL053C,-0.171823427087283,5.83215850228062,8.22059351453218,0.00638895362290673,0.00986470002420388
TLC1,0.175517388533245,7.40075099898641,8.20079682652054,0.00644758190247271,0.0099506820312083
YHR152W,-0.156414073315563,5.7845324579793,8.20068619789002,0.0064479111337805,0.0099506820312083
YLR427W,-0.0687808621512966,6.77962932291217,8.19312872905426,0.00647044456421215,0.00998292473966301
YBR289W,-0.144463716305405,6.04659575109833,8.1903627744747,0.00647871247834578,0.00999314713073107
snR33,0.307537780492302,4.27273846579036,8.1876509306635,0.00648682955118554,0.0100031317331384
YER134C,-0.170645833714278,4.48653913977903,8.18038360743207,0.00650863541192675,0.0100342149687292
YFL025C,-0.159230331641662,5.34096819857985,8.16679777606663,0.00654960947977615,0.0100948261612051
YMR277W,-0.128613271042741,6.68781768043396,8.1448016158385,0.00661653115991983,0.0101953892398359
YMR305C,-0.16220304851953,8.93591919391881,8.14396909914293,0.00661907826616477,0.0101967319619272
YKR025W,-0.153836162659209,6.43081606576011,8.1352994644745,0.00664566528475145,0.0102350982682138
YDR476C,0.321752236353748,7.92634624879699,8.12013361754492,0.0066924475705891,0.0103045403509703
YEL062W,0.133182817037914,4.84182477370078,8.10817803297005,0.00672957393858134,0.0103590835862048
YIL165C,0.270095224537573,4.98877604044952,8.09337575394036,0.00677584402298101,0.0104276709357207
YHR059W,-0.15941961320816,4.44464578215214,8.09185390439484,0.00678062027940764,0.0104323829077612
YCR047C,-0.265929759413627,5.61704272250463,8.0703005290451,0.00684865038647643,0.0105343876647394
YNL072W,0.177166549974441,5.15561140208783,8.06773153079621,0.00685680734567775,0.0105436083420389
YOR025W,-0.154860720383893,5.63512058326593,8.06732143895625,0.00685811040555302,0.0105436083420389
YHR213W-B,-0.35657005361375,1.59937536658767,8.06633312270334,0.0068612518460235,0.0105457735496471
YDR068W,0.106212500514401,6.51934111766385,8.06533842814926,0.00686441510575395,0.0105479711915436
YKL169C,-0.323395309393804,0.983941775713044,8.06170065705403,0.00687599691255485,0.010563100533425
YCR001W,0.352286217937862,1.67705047121168,8.06063539025093,0.00687939240410854,0.0105656493637053
YOR261C,0.113154469407018,7.77205912729833,8.03459573431081,0.00696294972274358,0.0106912816207153
YBR013C,0.214328969691972,3.26652947945204,8.01376154296094,0.00703058076068077,0.0107924026056363
YIL137C,-0.0965239430444592,6.79196827053012,8.01073148692605,0.0070404748533668,0.0108048649388996
YHR199C-A,0.212017457809477,3.60116060164768,8.00410980301646,0.00706214833775961,0.0108353940078838
YMR130W,-0.146044277674733,5.29161805335288,8.00217142305734,0.00706850628502587,0.0108424151107594
YLR138W,0.143077288246532,8.10327883352342,8.00036171327851,0.00707444768643459,0.0108487938941418
YLR066W,0.128409297823405,6.61470992170262,7.99156473282129,0.00710340455251207,0.0108904552033348
YKR078W,0.166582959955186,5.27684289819595,7.9881808622,0.00711457673629061,0.0109048361310651
YBR293W,0.124643779210614,5.51763995372935,7.98494039502701,0.00712529298240499,0.01091851115536
YLR195C,-0.131268538358308,6.26084765681173,7.95864457774259,0.00721289112187794,0.0110499603415477
YIL007C,0.19172671904255,5.54239000744333,7.95348910615747,0.00723019927140075,0.0110736880358605
YER184C,-0.225983317156375,4.63860998968093,7.93321451878594,0.00729869570989081,0.0111757834410382
YDR034C,-0.155906593845707,5.72246378809256,7.91124253001588,0.00737370701145335,0.011287800544577
YFL062W,0.204714317868645,5.10511384979678,7.90033553262442,0.00741124725970987,0.0113406459343766
YHR060W,0.1203066523652,5.30935352177886,7.90013034094962,0.00741195544470268,0.0113406459343766
YKL116C,0.101424407816944,5.60258041525116,7.89452685643677,0.00743132280269231,0.0113674206270444
YGR276C,0.0938264030814275,6.38932612502187,7.89153850249021,0.00744167348102723,0.0113757116848471
YLR247C,0.15702991892298,6.34829615234585,7.89131188499863,0.00744245903531307,0.0113757116848471
YDL223C,0.181789556074625,5.82698189413621,7.891064181595,0.00744331778344043,0.0113757116848471
YPL214C,0.0996681110638295,6.16969782221695,7.8908037247806,0.00744422085933628,0.0113757116848471
YAL062W,0.203857050514697,6.01906060825364,7.8696862155989,0.0075178305228718,0.0114853122600238
YJR024C,-0.101195681338946,6.25441373002193,7.8687456981592,0.0075211268662979,0.0114874641017627
YOL032W,-0.153404868380061,5.36665677578791,7.85023821787961,0.00758630617139743,0.0115841086707537
YOR039W,-0.0925603005368904,6.25169321535114,7.84603164903138,0.00760120447503104,0.0116039461190577
YKL198C,-0.182499023585801,7.00871812106518,7.84211520146149,0.00761510325832586,0.0116222481381773
YKR010C,0.191101055337104,5.1246220062111,7.8397215839262,0.00762361110164893,0.0116323153343866
YHR189W,-0.282657349146157,4.3008832176888,7.82183450237409,0.00768750990329956,0.0117268733420852
YGR069W,0.494909673584327,0.533896518897243,7.80583538002494,0.00774514737465977,0.0118118350312794
YOR268C,0.419433942678138,0.888782642589296,7.76902069966228,0.00787952812468783,0.0120137631267165
YDR350C,0.189865789589144,5.98460681814321,7.76319178645188,0.00790103141867111,0.0120435311078692
YOL077W-A,0.179795281115391,5.43587881133447,7.73545197328921,0.00800422529828739,0.0121977738392384
YNL167C,0.103176497485003,6.81132509722682,7.72710038133377,0.00803557409363582,0.0122424808111602
YGL194C-A,0.22660344541029,2.64947073053253,7.70929728244547,0.00810283758578933,0.0123410620274124
YJL088W,0.315332501572284,1.73837899870471,7.70890251092244,0.00810433588521612,0.0123410620274124
YGR243W,0.250558786584645,6.71649178787543,7.70048949420994,0.00813633653789204,0.0123866919772512
YBR171W,0.206660485946626,6.31841585172226,7.6759189885931,0.00823056831366909,0.0125270155549466
YAL020C,0.234354608798132,5.88091763178813,7.67265972944122,0.00824315513666346,0.0125430355105269
YCR017C,0.0869395374703516,8.32231729131007,7.66588205650424,0.00826939529102668,0.0125798175864743
YHR008C,0.1909054149186,8.42543128398476,7.66238264193487,0.00828297828858234,0.0125973313886587
YDR410C,0.156618654500596,5.36792291642647,7.6456728915506,0.00834816571779102,0.0126933004479656
YDR166C,-0.209583230187583,5.52578784829623,7.64121515538339,0.00836564824259643,0.0127167048604045
YLR306W,0.167917669760795,4.26263094196263,7.59919077338693,0.00853239095762888,0.0129669328114814
YER019C-A,0.17671824665078,8.23710268735288,7.59328705618079,0.00855609766439107,0.012999713929543
YJL131C,0.161458701118678,5.10333975187391,7.58911348648099,0.00857289919902224,0.0130219899216301
YML037C,-0.256247839248564,2.59061043940401,7.58134146260108,0.00860428077017446,0.0130663959287526
YHR076W,0.100568871031637,5.9387474640185,7.57687696181614,0.00862236267786527,0.0130905880476073
YCR032W,-0.11794567428179,5.81940070183268,7.57434635316918,0.00863263000170308,0.013102906849679
YJL058C,0.143113641965687,4.29510870239949,7.56918443863055,0.00865361360911148,0.0131314810003599
YER120W,0.0876635514724687,7.95969608324447,7.54377729521423,0.008757690738113,0.0132861002596404
YBR211C,0.109342537986107,5.56479358254157,7.53840810400707,0.00877985517939596,0.0133164054752304
YOR099W,0.092888520758961,8.2480753651101,7.52302262006109,0.00884369934641962,0.0134098954704619
YGR218W,-0.142236177062975,7.6262886962561,7.49583702754806,0.00895772217443772,0.0135794069335958
YKL074C,-0.19570422067047,5.13957378569381,7.48118656301459,0.00901981845143046,0.0136701358099513
YOR163W,-0.136572040095113,6.34880352748357,7.47239814413321,0.00905728835280834,0.013723505883177
YJL042W,0.129193963120618,7.53322220156215,7.44432580652542,0.00917809178096294,0.0139030840147273
YDR112W,0.356515314850789,1.52810051552837,7.44156799843536,0.00919005174066058,0.0139177363966948
YDR043C,-0.280690878959378,4.73516815635057,7.43810482535367,0.00920509423589715,0.0139370486253879
YLL033W,-0.255145956899639,2.83816567533348,7.43689270141223,0.00921036536616102,0.0139415605107189
YPL189W,-0.247159080858054,2.92943508656246,7.42334454689074,0.00926950131478459,0.0140275840588073
snR77,-0.467981348479069,0.756063902254862,7.4206965914586,0.00928110651166669,0.0140416541828672
YNL074C,0.147313736215937,7.2792427952692,7.40711229465261,0.00934088647120234,0.0141285841852514
YJL207C,-0.156034652976326,6.01337733325111,7.39757662384235,0.00938309491593874,0.0141888997424173
YBL058W,-0.0885580784834234,8.1456921889521,7.38842148552313,0.00942381035618862,0.0142469282030827
YML074C,-0.185709769515701,9.29963182440961,7.38702048250547,0.00943005760517551,0.0142528317256565
YER164W,0.129792315834718,7.05844494081444,7.37817098812542,0.00946962078943764,0.0143090743739081
YOL138C,0.12216299633749,6.09710742829833,7.37353408334656,0.00949042149434769,0.0143369450826975
YGL093W,0.0986884152158424,6.14909555028435,7.36729912138534,0.009518467756561,0.0143757449239696
YEL049W,0.248690718849145,2.14232030179903,7.36605685438946,0.0095240663038555,0.0143806311312558
YCL002C,-0.12253147694057,5.29045024612459,7.34806794972824,0.0096055319858349,0.0145000402217329
YJL060W,0.184732041734955,6.63691050994666,7.3359069249771,0.00966102592461159,0.0145801941347375
YIL057C,-0.527443716731422,3.1271551010206,7.32708973265202,0.00970147483997233,0.0146376083315724
YIL124W,0.1637259523003,7.79682045263124,7.32304441985064,0.00972009313684334,0.0146620641392394
YJL067W,0.330231367414773,1.8986055035572,7.32182894007708,0.00972569474772112,0.014666877952883
YLL004W,-0.202738429970176,3.89942282197285,7.31732014902639,0.00974650387031809,0.0146946174556208
YGL038C,0.105541282048419,6.89149712835115,7.3153848023384,0.00975545050727475,0.0147044628032615
YCR106W,-0.210443477607712,3.96226831741548,7.29903477642326,0.00983138317843411,0.0148152468154462
YML114C,0.124581512635806,6.28575025174342,7.2973416134467,0.00983928249682967,0.0148234795724705
YLR234W,-0.200122750745699,3.63854960870237,7.29043966546899,0.00987155310159558,0.0148684159958438
YDR520C,0.202318648452552,4.59508812972876,7.28516483586117,0.00989629208624098,0.0149019889494621
YDR467C,0.303734687294008,2.34492778306764,7.28448412983572,0.00989948941620247,0.0149031155610074
YGL074C,-0.343266783889814,1.13911747686176,7.28289166849435,0.00990697363765039,0.0149106936891176
YJR089W,0.206602367441938,5.63051345267362,7.28216795140024,0.0099103769448154,0.0149121275245306
YGR121C,0.156047323073318,6.16488037172878,7.27374160296947,0.00995009408474263,0.0149681885057253
YKL059C,-0.0872394016451906,5.97723983408017,7.26921090388847,0.00997151944826358,0.0149967117752555
YLR451W,-0.151477143327161,5.91870623086807,7.26561662117177,0.00998855156872823,0.01501861534364
YIL065C,0.214731979992089,6.13410728352671,7.26036535663539,0.0100134913930286,0.015052395041151
YNL234W,0.197566376504681,5.60449022542324,7.25940189783123,0.0100180743541044,0.0150555649406583
YMR304C-A,0.328730293524767,4.61486346397627,7.25443508200376,0.010041735928161,0.0150873983019406
YIL173W,0.102655415790775,5.31902922790229,7.25083516864748,0.0100589229324474,0.015109490507021
YLR040C,-0.178225757951631,3.97248127742031,7.2455496977174,0.0100842141498989,0.0151437421278714
YGR077C,0.0838273204357385,5.86155357624893,7.23064099163313,0.0101559192284879,0.0152476606230814
YEL033W,-0.584665437665585,4.76482451907664,7.22393288777582,0.0101883598602397,0.015292592439457
YKR065C,-0.131941958248254,6.61230573115027,7.21448101373861,0.0102342572319019,0.0153576955008935
YCR067C,-0.0808286318481199,7.02431769573267,7.19866159190012,0.0103115691001934,0.0154698959503641
YPL182C,-0.306440576907972,1.31418829231051,7.19567111270131,0.0103262539259035,0.0154881082423275
YFR049W,0.21556866517922,6.10631578449064,7.1687216606664,0.0104596010503934,0.0156842465233227
YBL011W,0.0887498519050847,7.40726307472938,7.16213515493119,0.0104924700305439,0.0157296575845922
YOL060C,-0.167316026112551,7.21521404046655,7.16088401043382,0.0104987261302737,0.0157351597297329
YER189W,-0.28529238252522,1.50741453802762,7.14116934306806,0.0105978327682918,0.0158797863568224
YPL128C,-0.129817074069933,4.90247008194824,7.12435057957903,0.0106831709039908,0.0160037161375637
YLR015W,-0.153019744046618,5.0731616041921,7.11180410674246,0.0107473090529821,0.0160958345034202
YHL029C,0.166421128389685,5.72902049817733,7.10963836156223,0.0107584219795373,0.0161085132247748
YBR123C,0.118963069908519,5.83186537867181,7.10537953710654,0.0107803107592882,0.0161373163518495
YNL299W,-0.348268147682277,3.98436167868266,7.07816323727591,0.0109213199368327,0.0163443757539663
YMR218C,-0.157540568091258,5.71745258230091,7.06976180905659,0.0109652449307191,0.0164060770600998
YLR309C,0.233596798982649,6.57274948884042,7.06770578811684,0.0109760230788332,0.0164181662818831
YDL058W,0.229305669286992,6.81117214739694,7.06672220183156,0.0109811832700808,0.0164218481687004
YDR371W,0.168964085377912,5.22449015687128,7.06116520724556,0.0110103856404677,0.0164614733715592
YOR184W,-0.207380422927199,7.7739454788297,7.0457811013732,0.0110916634770077,0.0165789172826313
YOL027C,-0.0875074975283056,6.89679095677963,7.02186796931542,0.0112192766174279,0.0167655447487841
YNL265C,0.122291231613885,4.85669912991749,7.01208723997276,0.0112719227329406,0.016840080979608
YML012W,0.171636582589172,8.66886564542533,7.00316256789372,0.0113201912303804,0.0169080421298146
YEL020W-A,0.17863337895281,3.5613747615534,7.00198861430949,0.0113265568897737,0.0169133984476744
YGR181W,0.125273087207321,5.8436120275715,6.99517525440008,0.0113635772887141,0.0169645161437255
YPR202W,-0.223427867456534,2.31917987080779,6.98952487893622,0.0113943766331077,0.0170063237214767
YGL071W,0.120511351753832,6.19615545860775,6.98326930097156,0.0114285788658605,0.0170531884253951
YPL166W,-0.201966491034791,3.53763780528487,6.98104541477437,0.0114407643193225,0.0170671858011957
YNL329C,-0.0818534222817299,6.08761395015843,6.97892746728452,0.011452382198948,0.0170803298236761
YOR220W,0.156103378573355,7.22429996448887,6.97818927548167,0.0114564344685711,0.0170821866555391
YLR361C,-0.0991658607722932,5.03881479718176,6.97272688534649,0.0114864676413901,0.0171225060842596
YGL060W,-0.119775838712494,5.0342262190219,6.97224828080648,0.011489103096472,0.0171225060842596
YOR208W,0.158391497550031,6.75719603762653,6.95789973630394,0.0115684146289055,0.0172364845780828
YGR039W,0.445607109867569,1.05327793620038,6.95457197660987,0.0115868922260303,0.0172597892767183
snR50,0.335895409980061,1.57468091534418,6.94908485190133,0.0116174287175222,0.0173010410538724
YKL071W,-0.186482826809446,3.51296463904482,6.94448523305102,0.0116430923704772,0.0173350176350267
YKR049C,0.323268831900686,6.41798652897552,6.92505392943521,0.0117521799230387,0.0174931543130358
YJL098W,-0.282629643939037,5.4357925874135,6.92293171983491,0.0117641600029551,0.0175067042352608
YNL010W,-0.0987070739810615,7.80892510613817,6.92050235379986,0.0117778900291577,0.01752285105805
YML092C,0.092337041485295,7.63055497477831,6.91060614343353,0.011833997522152,0.017602022713834
YOR192C-C,-0.343843270105118,1.64869802300382,6.9031599596066,0.0118764026088919,0.0176607795393713
YNR017W,-0.137851215365463,7.90786927795608,6.89464112811256,0.0119251154956798,0.0177241896042434
YLR199C,0.130506700644271,5.17881866358748,6.89422298076475,0.0119275120606888,0.0177241896042434
YGR027C,-0.119661072876406,10.5766229379355,6.89417580313341,0.0119277824863396,0.0177241896042434
snR63,-0.277816238091576,3.44079116528985,6.88872038825086,0.0119590975479098,0.0177663839304275
YDR138W,-0.211250700038994,5.24646755182104,6.87126689510448,0.0120598752525164,0.0179117258754118
YMR166C,-0.128760127761386,5.0780712025892,6.86875388569385,0.01207446012403,0.01792901167758
YDR331W,-0.0807772017809042,5.78586647536512,6.85661705383193,0.0121451650640748,0.018029599759672
YBR140C,-0.121427198619183,6.98202417066102,6.85331457261118,0.0121644806504468,0.0180538694531632
YDR211W,-0.120499533109059,7.17994000639741,6.84978161045559,0.0121851806282555,0.0180801814491428
snR70,0.278288205849645,3.3438422807934,6.84911640303647,0.012189082354505,0.0180815617082308
YEL019C,-0.247109996634309,2.3298369699804,6.81723356173867,0.0123776635571894,0.0183568322557878
YDR538W,0.218990422703362,2.81383109090932,6.8130622938351,0.0124025656077391,0.0183892816089407
YLR375W,0.128983197725668,7.34256645781365,6.81201104118295,0.0124088499256235,0.0183931663607722
YKL179C,0.14037053785455,6.77721929879982,6.81161286702828,0.012411231072692,0.0183931663607722
YMR297W,0.18330385187605,9.80000722844237,6.80752080381923,0.0124357306070676,0.0184249867893855
YFL056C,0.133385839553356,4.00229598036303,6.79535712595825,0.012508861308636,0.0185288269384251
YGR037C,0.116343095713908,8.31119392609874,6.79450597242791,0.0125139958121063,0.0185319212744382
YPL154C,0.186302261603588,10.06487489773,6.78553915520669,0.0125682243924094,0.0186076996174724
YJL223C,0.309186665947383,1.89163724277637,6.78422966544087,0.0125761647873305,0.0186149264730981
YNL266W,0.532775119186445,0.562407179069265,6.78239386519834,0.0125873056187261,0.0186268858681781
YOR394C-A,0.599508592534287,0.622617657871218,6.77652062565948,0.0126230191931463,0.0186751937248469
YDR493W,-0.148617244969664,4.34729023496221,6.77300496736301,0.0126444487750468,0.0187023507039766
YOL072W,0.0987575896536437,5.44876439538851,6.75403045655009,0.0127607807446342,0.0188698300926122
YBL082C,0.202193745563563,6.2464704923757,6.72699092098819,0.0129285406438637,0.0191132579732533
YOL116W,0.0919025362942987,5.75507429278349,6.72202695306839,0.0129595937286819,0.0191545124700096
YML046W,-0.215835106125687,4.9930467112507,6.71795462271289,0.012985128556861,0.0191863641657158
YLR021W,0.131841968348592,5.31702249238161,6.71758480085316,0.0129874501230211,0.0191863641657158
YML049C,-0.0809497564056783,6.71845327410429,6.71044669676016,0.0130323468305127,0.0192480171028325
YMR292W,0.307817648805082,5.13990371414668,6.70673061719962,0.013055785619594,0.0192779557134748
YKL196C,0.0943955672624127,7.67034723792304,6.70524720651839,0.0130651546665529,0.0192871096909205
YKL047W,-0.151156497694277,5.13787504089631,6.69641110702384,0.0131211116210309,0.0193650167872842
YJL124C,-0.113615871420749,6.88834324090916,6.69064363914915,0.0131577738662281,0.0194103835514378
YJR100C,0.111935314578295,5.5060340407139,6.69057192431828,0.0131582304272278,0.0194103835514378
YDR097C,0.11547702924279,5.65871638550715,6.68970962793799,0.013163721426142,0.0194137772365666
YJR146W,0.228713558498511,3.01946313268543,6.67798593369902,0.0132386201674844,0.0195195065953822
YDR327W,0.242372178428132,6.04382828341532,6.67395734884537,0.0132644625644085,0.0195528717791728
YJL149W,0.118289125754012,5.41112687284242,6.67063216660638,0.0132858334539236,0.0195796310407181
YIL168W,0.194156398632655,2.69334440920363,6.65332786522831,0.0133976440709113,0.0197396281286913
YKR095W,0.197497548232671,7.57880098147181,6.64957355406862,0.0134220349412346,0.019770777685164
YKL168C,0.0920247239372633,6.02031605133872,6.6462303711594,0.0134437947962028,0.0197980375931495
YIL132C,0.176125559249496,3.07435024401368,6.64421572169279,0.0134569258150666,0.0198125801075926
YDR527W,0.120157946079305,5.96211726341856,6.64016568787223,0.0134833645335777,0.0198467037220175
YOR180C,0.176290388843349,4.21133881463821,6.61243988525476,0.0136658584646776,0.0201104591916719
YJR090C,-0.0832373308705187,6.50076116112117,6.59939102561164,0.0137526603280474,0.020233302247623
YPL205C,-0.378631261889324,2.36379749810573,6.59820956934032,0.013760548527497,0.0202400139690159
YDR439W,-0.118276479147144,4.67240399926533,6.59321132996143,0.013793973755392,0.020284275084959
YFL044C,-0.216286998255608,5.53527959694013,6.58547482731567,0.013845882285139,0.0203556882592584
YFL038C,0.2099760780256,9.49436378749229,6.58261209583797,0.0138651429073069,0.0203790808190731
YGL210W,0.139099464188054,6.05759852553253,6.58202956266838,0.0138690657338226,0.0203799239290776
YOR084W,0.181897885342262,6.05931339558898,6.57327164122239,0.01392818568405,0.0204618565638446
YMR274C,-0.141233553270276,4.53501955404169,6.56864295793413,0.0139595402901193,0.0205029695064871
YDR338C,0.105437033477679,5.50505213108117,6.56724020762192,0.0139690574014394,0.0205119966910614
YML095C,-0.191169605791386,3.23301804888693,6.56575135969623,0.0139791662485641,0.020521888208085
YGL117W,0.288463017295173,5.87682362697542,6.55965993790777,0.0140206068622925,0.0205777599510491
YPR034W,0.1408300351039,7.02348701910199,6.55087707321123,0.014080589287881,0.0206608116269004
YLR443W,-0.0978537332557484,5.88064345975435,6.54856122789722,0.0140964510331022,0.0206790994542977
YKR088C,0.0921130494685653,6.5487022042361,6.53410326059213,0.0141959103379185,0.0208199841904637
YHL014C,-0.146580262101861,4.87140297089426,6.53233619448662,0.0142081177654627,0.0208328666512869
YLR165C,0.139266328395579,4.53581509492358,6.5290445852658,0.0142308871704192,0.0208612258328116
YJL015C,-0.37672274123799,1.43173501467311,6.51173354940258,0.0143512793396389,0.0210326432518552
YAL034C,0.14295198627501,6.10353742354973,6.50208475515127,0.0144188561751738,0.0211265927825505
YGL041W-A,0.154216980005086,3.25530307158891,6.4878220225675,0.0145193721933249,0.0212687481454939
YGL211W,-0.125673788706811,6.20940174700432,6.48018093936905,0.0145735308239027,0.0213384396634134
YIL105C,-0.0866972560545703,6.29302552364732,6.48012030971094,0.0145739614200733,0.0213384396634134
YOR155C,0.120714882728377,6.89735893698363,6.46692634085021,0.0146679907821662,0.0214709463337698
YIL027C,0.116227924412317,5.79178284445341,6.46424880776905,0.0146871519133777,0.021493823807817
YPL034W,0.182253736199453,3.46270668714721,6.45568661028416,0.0147486053738904,0.0215785678528789
YAL002W,-0.149544801123511,5.76109450387032,6.43735827813333,0.0148810809088532,0.0217671580121086
YPR016W-A,-0.246317104645366,3.4081192471158,6.42953302714355,0.0149380288169049,0.0218452067654089
YHR067W,-0.143966199146393,3.92612710893296,6.42468338711627,0.014973438974905,0.0218917290154485
YER129W,-0.105539600082255,6.78808322205268,6.42348189392318,0.0149822256933903,0.02189931379877
YBR270C,0.115604586458136,4.60797371992042,6.42162907006392,0.0149957865279229,0.0219138715231535
YJR073C,-0.308123078693742,7.59584988484667,6.41640018804195,0.0150341277183735,0.0219646259703008
YDR029W,-0.412250270985865,1.94736486277315,6.38202820806972,0.0152887916605657,0.0223313243529867
YML065W,-0.148022646260604,5.83191841462603,6.36294331631209,0.0154321848352147,0.0225353599045552
YJR082C,-0.126141345108664,5.07694205269776,6.34299382199436,0.0155836158528066,0.0227510322611152
YLR123C,-0.297775280760806,0.927562615279211,6.64747160914969,0.0156993496214801,0.0229144980682913
YLR312W-A,-0.0996533004938458,5.2259112030782,6.32516756749405,0.0157202775123161,0.0229395416456699
YDL049C,-0.194354070151825,5.27658049053075,6.3241704822518,0.0157279593140867,0.0229452487236197
YIR009W,-0.178855517401743,4.25566425869231,6.32365189910882,0.0157319562025259,0.0229455784976918
YOR376W-A,-0.220813469301965,2.31408835487333,6.31821217580298,0.0157739475739317,0.0230013110441827
YOR018W,0.120393788154855,6.81881376679067,6.3169934337529,0.0157833719866176,0.0230095396594557
YDR529C,0.154603244805662,6.59871575683062,6.31348973391074,0.0158104993828671,0.0230435661664063
YLR162W,-0.8417795740667,6.48306104254053,6.29009080310527,0.0159929518465226,0.0233039061269373
YML099C,-0.124946340076428,5.59559557739648,6.26262683731734,0.0162099850833798,0.0236144982600829
YCR051W,-0.234833984993159,7.97828993889969,6.26076029544792,0.0162248495309516,0.0236304953077647
YML124C,0.116134102166153,8.29878923694356,6.25702728539569,0.0162546216975578,0.0236681916797414
YMR183C,0.125617268205274,7.41504649452694,6.22011492521996,0.0165521851268668,0.0240957049035847
YDR294C,-0.0800429289859076,7.65983016216018,6.21915674714824,0.0165599866944679,0.0241003274024334
YOR080W,-0.163955652945497,5.281001677501,6.21875220332283,0.0165632817086239,0.0241003274024334
YDL203C,-0.0834416106197531,5.51402619720289,6.2035028359616,0.0166880022121032,0.0242759965241808
YER027C,-0.116572141203717,6.79628926783583,6.20027822613442,0.0167145042229427,0.0243087376186918
YDR489W,0.124614770632946,4.98570809552221,6.19967411518658,0.0167194742313156,0.0243101554832868
YAL051W,0.106956694275455,5.85573686606541,6.18650786311662,0.0168281873742569,0.0244623794009444
YIL030W-A,0.718341793991437,0.791600196848016,6.18008224873966,0.0168815184659716,0.0245340434357386
YPR156C,-0.165016758447571,7.66672967869058,6.17294779694851,0.0169409452164624,0.024614530000519
YFL029C,0.168604801579846,6.35142748204375,6.17162023473795,0.0169520279505099,0.0246247529431494
YNL267W,-0.0783337227155571,6.74000137606934,6.16838213542683,0.0169790928346725,0.0246581813601389
YBL100C,-0.347790285185769,2.03228273139281,6.16576558306664,0.0170009965275048,0.0246841001836952
YPL191C,0.159860251409358,4.35373050239387,6.16389622005563,0.0170166639093931,0.0247009541719125
YLR267W,-0.271306477103595,4.96770070193286,6.15943411059164,0.017054124092967,0.0247494264502038
YNR039C,0.100059492283987,5.59214478087422,6.15431297130519,0.0170972260089282,0.0248060611026056
YDR145W,0.10436216755721,7.25989044372791,6.14959507147611,0.0171370375100065,0.024857895887578
YPL243W,-0.145736836344812,7.1187112501166,6.14734754418245,0.0171560379972351,0.0248795260279256
YGL220W,-0.168692343320797,6.66856228628965,6.14526043641142,0.0171737025461694,0.0248955218349842
YML023C,-0.133913689411555,5.28490914812922,6.14507762521789,0.0171752507252693,0.0248955218349842
YNL212W,0.103432724893773,6.54384049789293,6.13913960922844,0.0172256197079838,0.0249625853591526
YJR040W,0.099495908625923,6.34037402258694,6.1317717640148,0.017288337593632,0.0250475081564883
YOR017W,0.147875620721251,5.17799057041338,6.12997475090287,0.0173036715872562,0.0250637566313864
YJR032W,-0.195609490457802,4.96508550026474,6.10996679992841,0.017475389609882,0.0253064602037439
YCL011C,-0.0717016070864719,8.42418643228816,6.10642256512477,0.0175059981679901,0.0253447534742374
YLR351C,0.153830956111002,7.70272760615504,6.09461382341162,0.0176083961774801,0.0254869388058912
YFL024C,0.10357998079835,6.38382292208763,6.09391268932652,0.0176144961553808,0.025489704900236
YOR147W,0.142186415096968,5.54325549994734,6.08626489080691,0.0176811807053775,0.0255801199696201
YNL135C,0.149651487341848,9.24692049326926,6.05842162724803,0.0179262569324056,0.02592807955417
YBL013W,-0.205459765841607,2.56579622178172,6.05797529911117,0.0179302150803529,0.02592807955417
YDR204W,0.173693801499394,6.36042352621989,6.04959937063252,0.0180046691533397,0.0260295585170046
YJL193W,-0.171779512376846,4.43313657956032,6.04407448657048,0.0180539617666233,0.0260946216983142
YMR021C,0.0954160169444012,5.05131257211136,6.04260961241833,0.0180670555529523,0.0261073457705331
YKL105C,0.105209156043325,6.82754535236223,6.02424431284233,0.0182320819019494,0.0263395580183671
YLR272C,-0.127485223779903,5.20140347559177,6.01578139889843,0.0183086717802518,0.0264439277908455
YGL143C,-0.103969033722608,5.30735542962501,6.01474086153183,0.0183181125295628,0.0264512849412411
YKL115C,0.294749980688017,1.38027869912877,6.00988569844786,0.0183622323608413,0.0265087031828516
YMR099C,0.110595476158069,6.98386674592543,6.00654966171958,0.0183926137216145,0.0265462652979185
YAR050W,-0.207927528368867,5.17142169696398,5.99919614818944,0.0184597731361687,0.026636879187476
YER170W,0.133446530161878,4.6521357762838,5.9965923481166,0.0184836166567863,0.0266649614406222
YPR051W,0.198115103150458,3.22132110076966,5.9925405691198,0.0185207854132027,0.0267122491678925
YGL065C,0.157207662767745,5.47596507789049,5.98963873018209,0.0185474545893199,0.0267443746862587
YJL116C,0.143455841714272,4.80120606633725,5.98911394792771,0.0185522819712601,0.026744997819265
YBR290W,0.125327084213469,6.91323745861183,5.97326098287928,0.0186987486461036,0.0269497597137708
YNL227C,-0.331039122246678,3.51717937149478,5.96855023685785,0.018742510557736,0.0270064354117507
YBR145W,-0.303817150332834,7.66076240958326,5.96348017208675,0.0187897334182166,0.0270680700402102
YOR170W,0.525978067631184,1.51771355491027,5.95411850450096,0.0188772647056151,0.0271877291677321
YKL144C,-0.209456230955445,4.40893304012055,5.94920921216514,0.0189233414212141,0.0272476413980331
YNL090W,0.168839169049612,2.99763210735135,5.9468237926185,0.0189457736471218,0.0272734877318987
YEL036C,-0.117196215755316,7.55252719861428,5.94305099008539,0.0189813110136843,0.0273181829513408
YPL257W,-0.229018094132355,2.69899316948949,5.93503112306239,0.0190570911253197,0.0274207612905108
YOL106W,0.28320585772647,1.64400628865813,5.92801375854548,0.0191236652047656,0.0275040468504297
YAL022C,0.17914714086019,7.11601477054364,5.92797711356691,0.0191240135125995,0.0275040468504297
YDR368W,0.098387522629209,7.03589881724386,5.92516869836947,0.0191507275819536,0.0275359587278327
YOR360C,-0.131169054428703,5.53723299416789,5.9030196910963,0.0193628227171951,0.0278343435469246
YJR140C,-0.130002950076408,5.50533649751547,5.89093106350938,0.0194796449743933,0.0279906201450682
YPR154W,0.166683960712591,6.61553996823074,5.89081857108135,0.0194807356309554,0.0279906201450682
YER066W,0.119093966195432,5.04572550452598,5.8897968363339,0.0194906447406335,0.0279982467532471
YER021W,0.0988481177818492,7.88775549022284,5.88464881810315,0.0195406543387698,0.0280634603850399
YGR209C,-0.172967281559257,8.78089536908109,5.87881874209519,0.0195974562561187,0.0281383957806707
YLR422W,-0.077622279175116,6.26483000944906,5.8720986030807,0.0196631502365846,0.0282260602004288
YPL083C,-0.188883983633658,4.21169066419171,5.87001831506919,0.0196835344289356,0.028248657311338
YML128C,-0.218619369590434,7.57213788431435,5.85260134047972,0.0198550926332723,0.0284881487086682
YML050W,0.123694553904117,4.1220199094638,5.83302213039853,0.0200498701546396,0.0287608344863229
YDR242W,0.091476014449864,4.92717946776535,5.82594303413824,0.0201207990922913,0.0288557771568684
YCR046C,-0.187354932194559,6.49586311236895,5.8224797272791,0.0201555978999805,0.0288988721068287
YPL028W,0.122784175516792,9.3507690546356,5.81683818207466,0.0202124219693758,0.0289735188889639
YCL026C-A,0.269081360426714,1.90813410594038,5.81517965665925,0.0202291600969653,0.0289906828050009
YBR149W,-0.164967023634334,8.46583824385127,5.81321520535877,0.020249004966058,0.0290122899030993
YCL017C,0.131445816306928,7.05988158255925,5.80033148953257,0.0203796761392355,0.0291871354548907
YFR010W,0.102325359472299,7.47126695958694,5.80023768844391,0.0203806308213362,0.0291871354548907
YIL142W,-0.152579849343149,8.64152368754361,5.79794736506735,0.0204039560427444,0.0292136641223764
YGL043W,-0.101313396701259,6.03834280035089,5.7954460362371,0.020429462997645,0.0292433033029099
YMR273C,0.136428098952107,6.7079298857152,5.79427401886062,0.0204414262788656,0.029253546309242
YBR264C,0.177942438682835,5.96237648159236,5.7671210092324,0.0207207086071728,0.0296462524981535
YMR061W,-0.151726662247682,6.23637184170576,5.75518711775022,0.0208447505164293,0.0298167153014744
YGL184C,0.4802444237798,3.97849834156728,5.75434521045427,0.0208535314876137,0.0298222653589024
YJR083C,0.10156611438247,5.19305718894524,5.7521240139356,0.0208767173494942,0.0298484081465395
YFL031W,-0.234144530614375,8.16703686900441,5.73530131278517,0.0210532234084464,0.0300936961335205
YGR058W,0.118960483212221,4.47805003439913,5.73096423309309,0.021098988494977,0.0301520302940195
YJL070C,0.15672767708536,5.86549909185339,5.73036047352131,0.021105367879495,0.0301540651671114
YDR531W,0.109111752955929,6.33929146758567,5.72506658135004,0.0211613926364935,0.0302270127213762
YOR045W,-0.198319802744117,7.05252554500213,5.72389548050361,0.0211738078872651,0.030237648672614
YDR357C,0.186031217450399,4.12829617818919,5.7219474212277,0.0211944773121313,0.0302600643933175
YMR268C,-0.215191585321262,4.23110800461292,5.70340723464918,0.021392283776784,0.0305353147505819
YPL249C-A,-0.173811871662889,3.04161184993814,5.69004623376483,0.0215360645459491,0.0307333378897983
YEL027W,-0.127007922023724,9.69296032819644,5.6792576385663,0.0216529220606414,0.0308928559763195
YCR008W,-0.0990789150929217,7.06884375051344,5.67221481472295,0.0217295750345865,0.0309949517312375
YJL206C,0.126732269957872,4.75965245320278,5.66624896006788,0.0217947349692867,0.0310806098636301
YEL023C,0.129177350622888,4.76200237907554,5.65360309039109,0.0219335515253846,0.0312712420412289
YDL186W,-0.175393332491967,4.01925783572701,5.64760147492445,0.0219997654047428,0.0313582976078379
YLR187W,0.182100919901993,5.31760890569867,5.64651949962663,0.0220117253666585,0.0313679973901913
YOL049W,0.0764201014659031,7.27919917703852,5.64319572352483,0.0220485095974283,0.0314130603840672
YDL025C,-0.140145791500867,6.4568938379721,5.64232643764429,0.0220581408986259,0.031419425882055
YML098W,0.141380702241186,5.94583358588443,5.62269133772214,0.022276900247841,0.031723598878566
YDR317W,0.217694351086266,3.71900131118606,5.60745723470182,0.0224482362958217,0.031960111806288
YBL089W,-0.0868556753549591,5.40796091903252,5.60297211683996,0.0224989498631242,0.0320224854531751
YJR114W,-0.311661632946881,1.19981041614136,5.60265223199677,0.0225025715361999,0.0320224854531751
YFR008W,0.111404695802165,4.26638231491321,5.59415052019548,0.0225990567056783,0.0321522702955465
YKR030W,0.200809599305825,5.59127788307925,5.5924472111783,0.0226184409330097,0.0321723265725489
YJR009C,-0.196471981681195,13.5494094265851,5.59095160568119,0.0226354761908236,0.0321890330967893
YBR179C,0.10381145984249,5.652372080862,5.5817083035846,0.0227410664361589,0.0323316330056138
YNL020C,-0.0903010530387988,6.33488195483279,5.57385366172456,0.0228312104414197,0.0324522110572386
YLR218C,0.201767484266184,6.41292463752138,5.56301281882196,0.0229562584790222,0.0326223336863265
YDL102W,-0.119832619424207,5.50378426377938,5.55503859093509,0.023048711321953,0.0327460678015606
YNL204C,0.282286157279071,3.49855886545144,5.55091719744942,0.0230966517501594,0.0328065186507282
YPL279C,-0.154621944533559,3.74922387499655,5.54861175222792,0.0231235157495491,0.0328370112802815
YNL157W,0.0821212839868945,7.29832749672453,5.53672118188994,0.0232626052301622,0.0330268205379228
YPL204W,-0.0749640808654208,7.84630103521727,5.5352455231952,0.0232799294731803,0.033043706751645
YNL321W,0.107756208483908,6.99157706478541,5.53224518450277,0.02331519635491,0.0330860470661444
YGR010W,0.0955091163407391,5.3221698541043,5.51793405458581,0.0234842077521895,0.0333181170837195
YER058W,0.168939168489929,5.24184166556748,5.51713352771945,0.0234937007169893,0.033323815585753
YEL004W,-0.191092883322219,4.16625470494607,5.51392134559875,0.0235318336567911,0.0333701253324572
YLR053C,-0.281630292740555,2.35300348492795,5.51337818958697,0.0235382882429728,0.0333715013882781
YGL223C,0.09304804336599,5.53323161714243,5.51240925349705,0.0235498073187309,0.0333800553306494
YDR475C,0.10395462690736,6.97496339928364,5.51138634809891,0.0235619745947651,0.0333895238493586
YPR201W,-0.145208565626812,3.0673608950404,5.50763969413612,0.0236065982603015,0.033444970992767
YHR113W,0.099654911891256,7.26936101663202,5.48879293480527,0.0238324541446335,0.0337570957798172
YOR104W,0.114751075940132,4.89301256337785,5.48644449061013,0.0238607602428188,0.0337893241977083
YDR206W,-0.0859824077493454,6.81245478258662,5.47796559451452,0.0239632594881837,0.0339265784052112
YHL028W,0.193565656775752,5.65057316607307,5.47425684175003,0.0240082428037093,0.0339823580973648
YPR100W,0.158843770558401,3.29426315704919,5.46503809825908,0.0241204514494066,0.0341332435045672
YHL002W,0.120749563628781,6.54055763585077,5.46378664934617,0.0241357273641691,0.0341469195561425
YBR255W,0.0747805987235533,6.04741138475659,5.46024065412086,0.0241790685294656,0.0342002863788466
YMR086C-A,0.27749173387173,2.48361049107969,5.45027823522195,0.0243012845695368,0.0343583194975421
YKL018W,-0.0910240507196065,5.08565261453359,5.45021290073474,0.0243020882690914,0.0343583194975421
YFL003C,0.257112669773484,2.95729797792494,5.44714782381734,0.024339824952176,0.0344036782425066
YER135C,0.406198806406765,0.511064277388102,5.44602629516764,0.0243536488004455,0.0344152236299839
YPR020W,0.223858717677892,4.53988971283463,5.44073127160794,0.0244190291691047,0.0344996035509641
YGL042C,0.164979569037645,3.81813580524972,5.4373202035933,0.0244612476015257,0.0345512283322386
YPL002C,-0.0776950329021554,5.01752769110694,5.43227519912932,0.0245238334686455,0.0346315912408233
YPL254W,-0.127792460834894,5.57140764801446,5.42999427166203,0.0245521862138614,0.0346635854086651
YMR176W,0.123731445917975,5.58033396434825,5.42280284842377,0.0246418098685979,0.0347820489562557
YCL005W-A,0.135891187609205,5.03771966985127,5.41056649578968,0.0247951183764202,0.0349903282283202
YLR438C-A,0.233136221818446,7.27482508936805,5.40621073606103,0.0248499394584101,0.0350595598433632
YDR508C,-0.154511431829835,8.04466082066042,5.40109861950349,0.0249144467887213,0.035142422046678
YLR062C,-0.652760281715682,2.01597486498281,5.38686573152486,0.0250949982427854,0.0353888909171145
YML059C,-0.0912445430434309,6.24458800739998,5.38480232719786,0.0251212905263942,0.0354177601605906
YMR188C,-0.149992844944462,5.20052399702142,5.38358250997975,0.0251368476424732,0.0354314843420082
YFR032C-A,-0.192483300503936,9.87303019953154,5.37907625486902,0.0251944090133413,0.0355043952862857
YBR182C,-0.222204032016625,3.40579927372704,5.37018218525889,0.0253084366391753,0.0356568272631122
YDR438W,0.0991574356436631,4.99391659928144,5.36833917319979,0.0253321348057822,0.0356819537715705
YNR027W,-0.120186841448199,5.8585397102548,5.35399618488851,0.0255173829228971,0.0359345695639503
YNL011C,0.108308690744587,5.59319680870513,5.34945066419216,0.0255763956513088,0.0360052100296788
YGR024C,0.0781535719739865,6.23410620157636,5.34922114707825,0.0255793792864916,0.0360052100296788
YLR315W,0.186325941862448,3.63165133062782,5.34652026514412,0.0256145179577872,0.0360463325099757
YNL177C,-0.076257941448972,6.54132696113702,5.34238562244263,0.0256684109221995,0.0361138220720425
YLR245C,-0.148218792689116,4.01013833839638,5.33248443716545,0.0257979659362094,0.036287707517761
YBR176W,-0.09577409212343,4.78743995915336,5.32971575335248,0.0258343197572383,0.0363304450480228
YPL248C,0.0963380292986678,5.48446096054955,5.31263778069224,0.0260597858825375,0.0366390473879946
YNL252C,-0.0919443655838068,5.55570692400271,5.28639451535308,0.0264104045663474,0.0371234261460439
YGL226C-A,0.118190584634303,6.18144439013612,5.27325404287848,0.0265878765640583,0.0373642560952182
YPR153W,-0.20908555472804,2.47328214052264,5.27082232597834,0.0266208597334063,0.0374019698632596
YKL049C,0.100918478020587,5.08807016649205,5.26941397433963,0.0266399824508093,0.0374201969559498
YBR016W,0.196007145537366,7.73072989936399,5.25860664252611,0.0267872200047242,0.0376183322706547
YPL277C,0.183004676648816,3.86545210508276,5.24000194071566,0.027042750958817,0.0379684216853718
YNL201C,-0.173101077559902,5.42624308644815,5.22321789424095,0.0272755359603444,0.0382864212961236
YPR070W,-0.0767816423547049,5.92652927090819,5.22100868027489,0.0273063373625268,0.0383208170781771
YDL188C,-0.110145611133452,7.07258244031751,5.2194875996273,0.0273275664867828,0.038341766675599
YLR143W,-0.122467321593015,5.42152611078079,5.21841432465349,0.0273425564939692,0.0383539548791614
YPL042C,0.121479304251758,5.78959179503518,5.1978759638816,0.0276311261822572,0.0387498047520247
YER090W,0.111110809529941,7.75700162344593,5.18447459429941,0.027821192603433,0.0390073633621866
YLL042C,-0.219910627664564,2.09975918624013,5.18265233924197,0.0278471458846439,0.0390347575922732
YGR141W,0.116558046819699,6.32638257170678,5.17716016934264,0.0279255259744341,0.0391356115970593
YMR224C,0.0917056196829094,5.50161925332378,5.17276078488551,0.0279884826751646,0.0392148093664233
YER068W,0.0857005519050166,6.74347159888962,5.16775553446538,0.0280602961576851,0.0393063770993356
YML079W,0.0869180313574597,6.09835523063304,5.15198686963121,0.0282878445073402,0.0396160031823164
YNR007C,0.0978579796154661,5.5410018196132,5.14804470130539,0.0283450428158501,0.0396869732016677
YIL128W,-0.136740783581395,5.88907943375283,5.12347862236659,0.0287043106241679,0.0401807522769868
YER121W,0.249271909693197,3.83676288945112,5.11251537768462,0.0288662296850461,0.0403981158310731
YDR227W,0.156830767978666,5.52359936278082,5.11091183802855,0.0288899954832887,0.040422079217248
YKL076C,0.413071321855585,1.69792915770232,5.10713545913796,0.0289460482264553,0.0404911961972369
YJL203W,-0.110334885116383,4.20037933537978,5.10073016916529,0.0290413910245865,0.0406152296907858
YNL312W,0.0967571003032843,6.42442894910995,5.09507470906936,0.0291258550145102,0.0407239953500217
YER153C,-0.229570675249892,4.3530928682727,5.0800292140783,0.0293518553333392,0.041030562762088
YAR062W,-0.358729638697312,0.540434365389963,5.07795811856606,0.0293831137953295,0.0410648248609509
YEL070W,0.315578801029159,4.2675753173338,5.07363815330035,0.0294484297932119,0.0411466579315028
YOL044W,0.131868801007095,4.62048483312807,5.06493174126242,0.0295805448333082,0.041321766600248
YGR282C,0.116880939452696,10.3344956826709,5.0546319473139,0.0297376673322273,0.0415317203848068
YBR080C,-0.0673923746188938,7.12284576149068,5.0393687954265,0.0299721687848886,0.0418467967417445
YNL328C,-0.222477812094932,1.77228224071169,5.03905419107951,0.0299770233356227,0.0418467967417445
YNR041C,0.161023355261173,6.06675355297898,5.03476255584794,0.0300433311334438,0.0419297408135333
YHR016C,0.133766582504329,7.05703775348964,5.02379068265739,0.0302135746607897,0.0421576706743649
YDR337W,0.0905802181422248,5.73054451673833,5.01353810452386,0.0303736015380456,0.0423712437778559
YNR068C,0.174349153324752,3.67290247275677,5.0016420443201,0.0305604316062752,0.0426221009223435
YKL153W,-0.343689151398365,6.29199112989342,4.99264699718182,0.0307025267760169,0.0428104664143132
YNL122C,-0.146175243258907,4.25615071868764,4.98875946342552,0.030764159603185,0.0428865775911526
YPR089W,0.101959569051687,6.75173125969275,4.97201180525551,0.0310312126147847,0.0432489529915174
YBR297W,0.151002286993285,6.16274504523479,4.96027263895525,0.0312198981274436,0.0434952907154086
snR58,0.328177614172514,0.847728580669305,4.96012640806741,0.0312222563426302,0.0434952907154086
YFR018C,0.177005180096514,7.28663129979145,4.9574653615312,0.0312652038467976,0.0435451511576479
YKR036C,0.0944922516374588,5.87279308113487,4.95600928330226,0.0312887310574925,0.0435679470217029
YJL171C,0.13366233101477,8.00282679758943,4.95326236007755,0.0313331678889032,0.043619841364442
YJL162C,0.171431430169735,4.46821441529264,4.93936575947165,0.0315590228124157,0.0439242117597323
YPL059W,-0.0791027016574308,6.02090218681149,4.93270850180127,0.0316678444618059,0.0440655919391925
YOL122C,-0.0660641773563149,6.63434168242243,4.92355215451505,0.0318181817523862,0.0442646630002903
YKL120W,-0.0948803150096716,6.03468479909198,4.91585969376091,0.0319450814966651,0.0444310447787902
YLR453C,-0.164534029358485,3.28561943058056,4.90821532434364,0.0320717314436968,0.0445970031615391
YOR205C,-0.156817208156505,4.71715317304474,4.9004594439058,0.0322007852618724,0.0447662276258838
YGR101W,0.106157280355597,5.63777052245116,4.8968135660991,0.0322616451688334,0.0448405917890249
YML100W,-0.292261211024035,9.39739136179636,4.89255659406822,0.0323328637801667,0.044929316305621
YBL099W,0.1054484478587,8.83887330893562,4.8824958071631,0.0325018577830872,0.0451538366689693
YNL038W,0.139551440779126,5.265395630067,4.88152823217756,0.0325181608296995,0.0451661740809681
YBL102W,0.0968389102701917,6.56862507508794,4.87815428238554,0.0325750792163342,0.045234905757963
YBR072W,0.308728110073997,4.30826484029834,4.87397397764372,0.0326457506469024,0.0453226996774814
YOR115C,-0.0823631060208721,5.63995680371811,4.87334123317936,0.0326564621811305,0.0453272290994934
YLR421C,0.120142295973227,6.87042098145612,4.86401245247596,0.0328148292675087,0.0455366558934528
YPL242C,0.149680135640118,5.98054859981359,4.85704179785628,0.0329337079628858,0.0456912022239307
YPR021C,-0.175781318926093,5.06253465387269,4.85495702294216,0.0329693527225192,0.0457302282463026
YGL231C,-0.11328987100118,7.1196266558211,4.84891943272661,0.0330728175937011,0.0458632851088585
YPL275W,0.235447723975704,1.50144073670592,4.84748307646773,0.0330974839368301,0.0458870334371408
YLR162W-A,-0.778446374936065,5.66113661887175,4.84634663645604,0.0331170139987212,0.0459036515221454
YNL048W,-0.126308556908867,5.83912167962107,4.83930760135505,0.033238260745711,0.0460612199129245
YGR121W-A,0.276451528839963,0.835675031307334,4.8381147608572,0.0333128657618151,0.046154095664992
YPL250C,0.337585244948796,6.11554132056762,4.83155473420264,0.0333723606428268,0.0462259992059188
YKL197C,0.0946775168738313,5.52865823022821,4.83036743737409,0.0333929488624283,0.0462439904023387
YHL049C,-0.191229577728384,2.68578682059548,4.82938767207779,0.0334099487753082,0.0462570053009672
YER071C,0.17081919830672,4.02636403013267,4.82292098463964,0.0335223880512893,0.0463941716352576
YJL222W-B,-0.28107697204034,0.6144512164993,5.33836181284589,0.0335242683122806,0.0463941716352576
YKL088W,-0.114698654282979,6.88039109743733,4.82083190973135,0.0335587994363984,0.0464313994021111
YOL113W,0.076512442877605,6.9814283680723,4.80338190978713,0.0338646245103098,0.046837071610981
YGL188C,0.279157351277463,2.17806449222065,4.80322445754643,0.0338673977137742,0.046837071610981
YBR130C,-0.134169271130627,6.25985353670194,4.80237130230738,0.0338824286073664,0.0468472115600601
snR45,-0.533146384610098,0.751848533066599,4.79926201614901,0.0339372693213676,0.0469123770605456
YMR054W,0.0759134324241816,7.83427647686652,4.79563986499384,0.0340012772958082,0.0469901822268892
YDR221W,0.0882076913549213,5.98253864854253,4.79331933146702,0.0340423528893029,0.0470362664240255
YDR372C,-0.0976968928451997,7.46658976392667,4.78861797337938,0.0341257364488005,0.047140773278309
YOL038C-A,0.297408005915261,1.79900006044701,4.77942385233897,0.034289445243316,0.0473561675682202
YOL030W,0.104587009234597,8.53073680569771,4.76669481356622,0.0345175047297586,0.0476562041655846
YLR140W,0.345541076025716,0.585281909122842,4.76642492767698,0.0345223579230726,0.0476562041655846
YKR009C,0.120663603076448,5.68177696609001,4.75815935881869,0.0346713519397154,0.047851026662093
YBL067C,0.100427129516727,6.47174931493443,4.75411475040916,0.0347445137555988,0.0479411261230881
YMR314W,0.0854870294830036,8.30001268291339,4.7460250121906,0.0348913502252055,0.0481328193426378
YFL047W,-0.0897233884723173,5.58314247917647,4.7440895015951,0.0349265813886748,0.048170500396665
YFR045W,0.118207623913816,5.56370081499756,4.73913900896255,0.0350168686855251,0.0482840802065307
YGR260W,-0.0697417098626509,8.24746735671832,4.71173944567094,0.0355211888253068,0.048968381060714
YGR102C,0.105775506517946,5.07435920455625,4.70735476006462,0.0356026236540988,0.0490695277316401
YDR366C,-0.243405823695238,3.05780159973771,4.70515407836609,0.0356435723612848,0.0491148409914896
YBR128C,0.12990864284079,4.04003649533999,4.69108918740541,0.0359064932932618,0.0494659297463205
YGR168C,-0.16361580492588,4.75462199262087,4.67228371094485,0.0362613295309557,0.0499434563594083
YLR242C,-0.117900353006774,4.24242232863926,4.67014340888196,0.0363019553033444,0.0499880964066193
YDR402C,-0.300576605652361,0.71029479488609,4.64116232346573,0.0368569521896299,0.0507408493379859
YCR097W,0.36242409950373,4.59294592758348,4.63535894348732,0.0369691933568958,0.0508838592121038
YNL118C,0.099561276932695,7.44309299672299,4.61410360160722,0.0373834698422745,0.0514424274062054
YPL216W,-0.12347834173778,4.90911437658583,4.61242009082762,0.03741649734588,0.0514762347614017
YDL193W,-0.0897915086621178,5.97764043468751,4.60438303619362,0.0375746081178076,0.0516820728745161
YMR294W-A,0.3876113292329,3.22516304599517,4.60112004380667,0.0376390073443208,0.0517589513424163
YNL323W,-0.0813517848607238,6.21735922655655,4.59753572897345,0.0377098866669405,0.0518447041049104
YGR113W,0.096545771799216,5.55840445431766,4.59514307039295,0.0377572819529905,0.0518981388488699
YLR462W,-0.287913441816884,1.01637569605051,4.59421263913657,0.0377757300148423,0.0519117699052203
YFL037W,-0.122067974253839,8.98771759512115,4.57774973423042,0.0381037740475031,0.0523507484938037
YEL024W,-0.153297843583402,5.75996426399926,4.57010192284248,0.0382572194761798,0.0525497021473034
YJL085W,0.0854024136844567,5.21742862060174,4.5657773132012,0.0383442857947566,0.0526574089508223
YMR317W,0.104249096895622,5.71084865536353,4.56518555196612,0.0383562163410837,0.0526619080404996
YKL094W,0.102000271654304,7.8200754134184,4.55347509242691,0.0385931447382874,0.052966852371903
YLR379W,-0.194024685263648,2.89309571402059,4.55334769323432,0.0385957310463464,0.052966852371903
YGL190C,0.066395958328641,7.31877147021802,4.55072674728438,0.0386489802779402,0.0530279695583464
YBL090W,-0.119752535042943,5.03703751608418,4.54267006392737,0.0388131675921944,0.053241236428878
YBR173C,0.166737846791755,7.50091604215672,4.53859586101533,0.038896484758478,0.0533435000575476
YPL008W,0.110847119429384,5.45180548269435,4.53702329142225,0.0389286957543426,0.0533756452602917
YLR098C,0.11409283590051,4.91473179898582,4.5298063012645,0.0390768944874594,0.053566772461408
YDR486C,0.109606330104752,6.36147258330067,4.52741385280628,0.0391261581607623,0.0536222235153691
YJL204C,0.138701491689148,4.91377913914303,4.52625741636859,0.0391499949507794,0.0536428100147473
YGL233W,0.112290557793907,6.2580997129803,4.52561918410912,0.0391631571421431,0.0536487643426251
YFL050C,0.0884931682968612,5.48395687565436,4.52451483368905,0.0391859434170474,0.0536678968473404
YOR358W,0.184798725637058,6.00296556585657,4.51781478064236,0.0393244967137664,0.0538455361168472
YCL005W,-0.149387445721981,6.07726561841382,4.50499597019437,0.0395910713730647,0.0541983507997972
YGR222W,0.105401445787724,5.0695084117244,4.47675440886017,0.0401853417817693,0.0549995062397809
YOR102W,0.322846020290735,1.48495212841134,4.47200087679785,0.0402863195264787,0.0551253101683433
YGR146C-A,0.300595382562417,0.56242688258156,4.53644637525157,0.0403476645347492,0.0551968387351503
YGR130C,0.0851314779665908,8.71696003594789,4.46536663187799,0.0404277110680445,0.0552939136545405
YMR063W,-0.168111697375098,3.52885765554665,4.46490510175574,0.0404375674683542,0.0552949658527944
YPR164W,-0.0955917913287208,5.6382586729565,4.46003177222416,0.0405418018402929,0.0554234380521113
YBR074W,-0.0843255290687301,6.34192824726699,4.45966136087414,0.0405497364351684,0.0554234380521113
YNL253W,0.0784472069314683,5.24385209310069,4.45734805131457,0.0405993282220459,0.0554787586416235
LSR1,-0.477975767256931,4.39209583541572,4.45369038228834,0.0406778747524737,0.0555736120046705
YOL062C,-0.124442027762168,7.52690625356895,4.45275608273403,0.0406979648886295,0.0555885783046713
YNL202W,0.19702906013291,2.44373567940685,4.44897812236202,0.0407793122688275,0.0556800854698923
YLR390W,0.201814697828879,5.44671886620373,4.44865946479041,0.0407861817310389,0.0556800854698923
YER116C,0.101515670315927,5.55991035100767,4.44837055409946,0.0407924110147543,0.0556800854698923
YDR202C,0.0988392518043575,5.15973267530953,4.43805413418536,0.0410155272049713,0.055972075138428
YJL079C,-0.150908107092015,8.03060491310711,4.43753163415844,0.0410268627974324,0.0559749910588287
YJL134W,-0.0860467936537284,6.45182638056599,4.43704957971296,0.0410373239550477,0.0559767129043859
YLR026C,0.0740900182116957,6.1490062384115,4.42063445900292,0.0413952928081061,0.0564523435090376
YKL183C-A,-0.393072794377321,1.10249762483786,4.41439965945859,0.0415321475520837,0.0566190748324759
YPR157W,0.157490754335096,5.38254858007848,4.41421707640005,0.0415361627037259,0.0566190748324759
YBL033C,0.1862202456671,7.20242733124818,4.40868998103211,0.0416579086292456,0.0567723122080537
YOR005C,0.110179608421615,5.507338216162,4.38831640104589,0.0421100518668009,0.0573756528458315
YMR026C,0.0699775632350274,5.60982036860966,4.3868438908979,0.0421429375093181,0.0574076057184241
YHR005C-A,-0.0867392948135491,7.46485015712037,4.38070874335404,0.0422802558751795,0.0575817719338557
YNR047W,0.0707241210268886,5.75839087082001,4.36403587654154,0.042655903811931,0.0580803702608191
YGR169C,0.109054801617063,5.09244460411745,4.36337593791268,0.0426708472796127,0.0580877193951774
YIL085C,-0.0702914311204232,6.72935594131334,4.3605749575993,0.0427343355025523,0.0581611343173856
YPL009C,0.142719793909491,7.39547235607144,4.34303057237989,0.0431343564750548,0.0586924327260082
YPL225W,0.110749411277002,7.02494061230537,4.33438339408804,0.0433330184647035,0.0589411029313261
YLL010C,-0.0844236167547527,6.47531847173991,4.33423300946587,0.0433364822538624,0.0589411029313261
YCR020W-B,-0.195833267545833,3.2449343432114,4.32559108541453,0.0435360391635377,0.0591992845385758
YGR068C,0.104334130718632,5.59801923722197,4.30671614510177,0.0439753913883405,0.0597833459781171
YIL126W,0.135603894618653,7.42689673597799,4.30617393706708,0.0439880836929842,0.0597846198168118
YKL025C,-0.0626789761743058,6.35173170168609,4.30583677303361,0.0439959782316653,0.0597846198168118
snR46,0.199183623926658,2.83380183539854,4.27998552486438,0.0446059054719336,0.0605998961367975
YKL085W,-0.195752857888612,8.44110340449814,4.27250328394274,0.0447841583695877,0.0608284829640494
YDR378C,0.0877650201155424,6.55384078819629,4.26460743960955,0.0449731090516443,0.0610714948849041
YOR073W,-0.156299809979194,4.78135833204857,4.26318701801616,0.045007192652785,0.0611041426354745
YJL216C,-0.106043352175297,4.35495445813369,4.25788960646524,0.0451345553616538,0.0612633882167441
YKL204W,0.0771443373777978,6.82696468296339,4.25616695375475,0.0451760569545591,0.0613060451758457
YHR168W,0.0734065422102462,4.85480014945877,4.24960889843013,0.0453344334948755,0.0615072525788891
YKR021W,0.0618506113990933,6.15541142767913,4.23747556795136,0.0456290548113573,0.0618931784500912
YER018C,0.231279369052262,6.71294753965894,4.23545237634665,0.0456783851775367,0.0619462834422356
YBR095C,0.0737408382489983,5.48755204037507,4.23260524622573,0.0457479039526607,0.0620267369768138
YDL045W-A,-0.100340933973361,5.52764440842643,4.23050111183193,0.045799355216845,0.0620826635095794
YDR504C,0.514152554521178,2.34693673153462,4.22890511463007,0.0458384234632225,0.0621217832458149
YOR034C-A,0.219683739392798,2.7601531081645,4.22716644274182,0.0458810256959397,0.0621656738721427
YBR110W,0.0767145086767463,6.34851313224884,4.22140148750107,0.0460225929210515,0.0623436059493763
YML030W,0.0839509141066953,6.19993627236599,4.21235702197045,0.0462456568227853,0.0626318321314598
YNR037C,-0.197220033328282,5.89525718533556,4.21022332994455,0.046298452293313,0.0626893818880307
YDR183W,0.0985405818110027,4.33311795669486,4.19694348551441,0.0466285303904239,0.0631222708399843
YPL041C,0.0996810218251032,3.85834140597757,4.19404811191694,0.0467008377621505,0.0632060938128749
YMR060C,-0.0916188246730311,5.30520143108706,4.19353633257123,0.0467136313911924,0.0632093500145443
YGL048C,0.0696879904239569,8.46438764851204,4.1922594830904,0.0467455672123824,0.0632385007753106
YOR158W,-0.144940893892302,5.87078855636306,4.18813578493257,0.0468488699832757,0.063364164002719
YDR484W,0.127542069461406,4.91361611188396,4.18357490813727,0.0469634154375642,0.0635049739861284
YMR117C,-0.253569583131016,2.34180071479975,4.17322082037767,0.0472245951146822,0.0638439594029863
YML078W,0.117936713681596,7.61358263672146,4.1662620861862,0.0474010204766328,0.0640682384718594
YJR118C,0.173786097006951,5.69342726162091,4.1601091179881,0.0475576180783751,0.0642656242520347
YLR340W,-0.150085147964486,11.2312665536984,4.15683340553258,0.0476412182528996,0.0643643013030404
YNL152W,0.0879773762302052,5.69078321418592,4.14983571448402,0.0478203471470632,0.0645919672341576
YNL164C,0.133609047030512,4.37668642084528,4.14899795901349,0.0478418416119114,0.0646066591674391
YDR353W,-0.0886178763734698,9.47430470658319,4.1476920863257,0.0478753677487293,0.0646375888065272
YBR208C,-0.105991294063289,6.77501962768541,4.14412578698088,0.0479670577115622,0.0647470155667382
YER054C,0.233000954929972,5.71680746837748,4.14325482002696,0.047989479563573,0.0647629148690046
YDR047W,0.0678773703796098,7.33275769170506,4.13651846433604,0.0481632858502919,0.0649830586250612
YGR217W,0.109530534167661,5.55580852390696,4.12303948139244,0.0485131329806096,0.0654405706466436
YPR071W,-0.129238188013313,4.15795656718769,4.1191626878387,0.0486142697191634,0.0655624625977636
YMR243C,-0.0642276048148126,7.90592291887626,4.11535988414877,0.0487137005860029,0.0656820004577504
YMR313C,0.0776506658652236,6.19658045466487,4.10450076232587,0.0489988591897194,0.0660518516104215
YMR084W,-0.234382924689428,2.98463434564867,4.09543319099814,0.0492383729850638,0.0663600220629265
YKL123W,0.539065921668841,0.580438295025008,4.09151207521084,0.0493423435813878,0.0664854208797043
YIL089W,0.158540610751216,2.91016045979556,4.090874224859,0.0493592792759735,0.0664935165805399
YIL058W,-0.178437008644454,2.36492672899324,4.09030083066065,0.0493745090176197,0.066499311060694
YNR049C,0.0927206647968046,5.73872021143171,4.08883142287021,0.0494135609984566,0.0665371804991389
YOR384W,-0.0771000326904477,6.10552147294578,4.08061931406786,0.0496324355876681,0.066817117378531
YLR454W,0.128738933165179,6.51570699819338,4.07975348048803,0.0496555741923152,0.0668334813006499
YBR260C,-0.0679946052891044,5.66958931918586,4.07577183402828,0.0497621322944063,0.066962090891522
YPL236C,0.0781091849704407,4.99645100385471,4.06806806496305,0.0499690151956309,0.0672256151813871
YDL042C,-0.146789259180574,4.87308402138722,4.06549522307282,0.0500383180792953,0.0673039711566119
YKL157W,0.0806022519106484,7.77224363143334,4.06317030235143,0.0501010334934985,0.0673633322068136
snR66,-0.289095573426397,0.93663328642291,4.06303848531227,0.0501045918764237,0.0673633322068136
YHR195W,0.084849930780286,7.13575949416178,4.06119250756815,0.0501544529057627,0.0674154729250201
YDR034W-B,0.362962607389618,2.5453255845215,4.05555855823452,0.0503069660492542,0.0676055407265265
YDR265W,0.0657937981517373,5.41345432838093,4.03743561781897,0.0508010192487872,0.0682544054159571
YBR292C,0.359247942890246,0.515386691551346,4.02135897726145,0.0512437430959213,0.0688340346001503
YAL026C-A,0.508304119618344,1.32585568824482,4.0045147386121,0.0517121495449902,0.0694478989144263
YPR114W,0.056871419217653,7.49129350281964,4.00131490547545,0.0518016606532068,0.0695527592839283
YOR094W,-0.123212054825252,4.39661037492585,3.99795097818687,0.0518959454097664,0.0696639814291702
YOR202W,-0.257084669856059,6.77710446893042,3.99672579230447,0.0519303319034241,0.0696947661297608
snR30,-0.172859488100496,5.71169383144528,3.9880263217627,0.0521752144971348,0.0700079779967067
YBR229C,-0.0779670235464847,6.68078710702657,3.97595951905735,0.0525169850873633,0.0704510260706802
YOR387C,0.198999250777428,2.94343768478735,3.9740590610517,0.0525710357829156,0.0705079904648537
YGL118C,0.319747181911455,0.412439829225734,3.96900229673226,0.0527151522392902,0.0706856988488498
YOR295W,-0.14500383810985,3.78970965004377,3.96808322880506,0.0527413919798536,0.0707053029736525
YMR276W,0.179832597235049,9.15910966728609,3.9673091217662,0.0527635041563025,0.0707193662535464
YEL076C-A,-0.337332694228575,0.943303215556727,3.94817667047309,0.0533132654617141,0.071440480144138
YJL144W,-0.200631182821571,4.55960483196455,3.93797059299871,0.0536091022671121,0.0718210892327999
YIL067C,-0.0774132945727216,6.14334948223156,3.92789859697085,0.0539028211560411,0.0721986939763395
YKR070W,0.11138755157865,6.46584898325492,3.9271601341319,0.0539244256140095,0.0722117363250985
YPR035W,-0.194937243020773,11.0126151790465,3.92570870254603,0.0539669164033565,0.0722527362627996
YFL017C,0.0691266885062351,5.51882108358514,3.91282380193873,0.0543457399030374,0.0727439127386675
YPR083W,0.119775569422441,4.79395214358568,3.90989048948562,0.0544323886828066,0.0728438718132567
YNL158W,-0.107469805814688,5.26016481968378,3.90184474098135,0.0546708369228849,0.0731345456864848
YLR198C,-0.332086833605288,1.54682228381691,3.9017506712209,0.0546736316068725,0.0731345456864848
YGR242W,-0.255557202729994,1.12868949620083,3.89603577794443,0.0548437081616983,0.0733459261898756
YGR267C,0.0755582904961312,7.7098176567098,3.89536280841696,0.054863774132559,0.0733566393312726
YJL038C,0.225664375362943,1.59010947186026,3.89173933082765,0.0549719543689252,0.073485136716808
YFL067W,0.260407994866736,4.91877122141504,3.89060083385572,0.0550059930028132,0.0735144887814888
YGR278W,0.138785221766735,4.85660743901394,3.88029973639892,0.055315029301968,0.0739112765266744
YOR010C,0.130567760897342,4.64636806599833,3.86067930567944,0.0559089434051889,0.0746884567772941
YDR124W,0.129828101042772,4.11738168865128,3.85664010814385,0.0560320791371799,0.0748365236061764
snR13,-0.370579535910003,0.959645141507056,3.85224748212974,0.0561663279109078,0.0749993647877714
YCL031C,-0.108428938900432,6.55363048110552,3.84733409539464,0.0563169117233336,0.0751839420439852
YKR001C,0.0826375361214822,7.94666006316886,3.8269185189455,0.0569473761462258,0.07599827594644
YPR101W,0.137177935913273,4.55621488152318,3.82677384449415,0.0569518715391563,0.07599827594644
YOL085W-A,0.321868466826609,0.773475286396481,3.82199100847158,0.0571007061889588,0.0761801791624237
YDR416W,-0.0867308649283047,5.38054664835117,3.82013956690864,0.0571584351522383,0.0762404817846055
YJL102W,0.133640073218549,4.85513870931648,3.81489996773611,0.0573221571876592,0.0764421053006588
YPL001W,0.118846898861712,4.48653935301152,3.79366314932794,0.0579910523762664,0.0773171677715997
YOR166C,-0.102699297784412,5.00048611012364,3.7930534949364,0.0580103811174422,0.0773259954216069
YOR043W,0.0704337361332773,7.43846116893583,3.79185903649876,0.0580482713047079,0.0773595556042811
YDR175C,-0.071003134940649,6.00863560069798,3.788770648198,0.0581463664676804,0.0774722841463935
YIL102C,0.263394384919561,0.974766413002776,3.78839461358384,0.0581583227577199,0.0774722841463935
YMR125W,-0.11485538653446,6.75045442310886,3.78496058333466,0.0582676355719613,0.0776009110210953
YHR120W,-0.114781076453894,4.7304048481214,3.77664512992815,0.0585332736212957,0.0779376301937821
YNL025C,-0.0988083943846615,5.17980938372815,3.77079923993642,0.0587208197438171,0.0781702446163043
YDR249C,-0.172773890816636,3.84126141346903,3.76658665460714,0.058856377083552,0.0783335639880609
YML031W,0.0744030218980138,7.23233812225028,3.75635945611027,0.0591869164449588,0.0787562620965612
YGL119W,-0.0848360201861441,5.31811127164372,3.74922439718576,0.0594187302961047,0.0790474363471353
YHR070C-A,-0.172838444062751,2.39331504435703,3.74495952438802,0.0595577712336242,0.0792150902637385
YDR464W,-0.134569823535092,5.79464606478867,3.74290746298281,0.0596247991249809,0.0792869105497178
YIL139C,0.12278942997044,4.36641006819525,3.73965829484214,0.0597310990716994,0.0794109106076668
YLR370C,-0.0954858154740358,6.77887988032917,3.73777531777986,0.0597927982518662,0.0794666048595797
YPR172W,-0.099562832253809,5.36327524308985,3.73758281588803,0.0597991098852942,0.0794666048595797
YMR033W,-0.120018748174223,6.61053425202184,3.73482448884649,0.0598896289260321,0.0795695179071846
YCR085W,-0.302208080044189,0.488449532161711,3.72996620828209,0.0600494289908329,0.0797644128812963
snR35,-0.227148711814681,2.40715049803945,3.72301575662721,0.0602788634365177,0.0800516988239219
YGR241C,0.0999687600572935,7.38108685286585,3.71911490458413,0.0604080539824725,0.0802057622699858
YAL042W,0.122841839247896,8.80770671317347,3.71802501825165,0.0604442039873371,0.0802362524570128
YMR293C,0.0886717890585332,4.47637675207642,3.71360773715515,0.0605909635324184,0.0804135252115084
YDR238C,-0.0957950520719643,8.36698484750251,3.71102301516849,0.0606770204601933,0.0805101765155421
YDL029W,0.0936425892304476,8.53072398584188,3.70855788581914,0.0607592212378919,0.0806016702054878
YLL016W,0.115298149220515,5.29305547735205,3.70640637693332,0.0608310646079509,0.0806714022620245
YGL207W,0.0837573575554322,7.91241528662538,3.70618980584492,0.0608383015580001,0.0806714022620245
YDR409W,-0.0646736932361379,5.80084941788191,3.6788736456345,0.061758761775135,0.0818740883228097
YFR048W,0.0840111168708007,5.45874265581528,3.6712072409152,0.0620198473972183,0.0822023026382211
YGL175C,-0.196845590390145,2.54980103073563,3.67080057286467,0.0620337307964655,0.082202798757947
snR190,-0.794987068554426,1.1933188764666,3.66861260343804,0.0621084856499026,0.0822839397299493
YHR190W,0.0941345752044623,9.07818625080883,3.66486629608295,0.0622367142060468,0.0824358741714835
YDR099W,0.0690701767219388,8.49570644585507,3.66029386549887,0.0623936155372622,0.0826257128496714
YJR065C,0.0703650958365181,8.21139237289031,3.65458417409283,0.0625901551098473,0.0828502627232567
YJL065C,0.192946294479566,3.7785133919277,3.65457672068653,0.0625904121181284,0.0828502627232567
YMR178W,0.063171895574493,6.56627166113171,3.65011997865027,0.0627442983535683,0.0830358972338981
YER045C,-0.072579778436228,6.17211943097377,3.63813161889707,0.0631603206353488,0.0835682868158507
YLR120W-A,-0.207047236519353,2.10158415987958,3.63481756122255,0.06327586259166,0.0837029617109241
YAR064W,-0.2481430883287,1.56615317656942,3.62639240426873,0.0635706517560693,0.0840746394122325
YLL041C,-0.156287769580048,7.01137080456028,3.6231244500931,0.0636854029032833,0.0842081001013644
YDR093W,-0.0912145224881202,7.79933875385958,3.62117150122219,0.0637540881261027,0.0842806053111742
YLR284C,0.121007578679027,5.24710648954591,3.6161553916906,0.0639308801865105,0.0844959613238306
YDR241W,-0.170751062194239,2.22669381535686,3.61082932786279,0.0641191898325916,0.0847264430252594
YGL019W,-0.10407737005652,7.52337230082009,3.6075598504145,0.0642350899364385,0.0848611641908876
YGL011C,0.0772581965887632,8.33942604453096,3.60138166787393,0.0644547338849468,0.0851328534165186
YHR042W,0.140482212648402,9.12790041138305,3.60044122602319,0.0644882408007235,0.085158625276129
YOL004W,0.0835689876024737,8.07668514568833,3.59672589363678,0.0646208024843119,0.0853151623165628
YMR228W,-0.0942256922475082,3.83205460729519,3.5935629629402,0.0647338921211824,0.0854459291881551
YDR470C,-0.0616284536544106,5.56819860148195,3.5812369877025,0.0651766965800458,0.0860117542159138
YNL290W,0.119580529025944,7.03943674749249,3.57755190947135,0.06530973083724,0.0861686279585008
YPR045C,-0.0840670796118071,6.11135363221808,3.57706525536903,0.0653273218774613,0.0861731527475291
YGL232W,-0.104986635398048,5.75320185736033,3.56941262591542,0.0656046310994465,0.0865201951105617
YNL260C,0.141725537282589,4.07110263286412,3.56453766438969,0.0657819645563057,0.086735266375974
YOR292C,-0.0942055389903414,5.76146963926226,3.55984520105214,0.0659531604583738,0.0869421536805036
YBR053C,0.167142404567736,6.41836465770614,3.55711959782072,0.066052825386093,0.0870546767325917
YDL194W,0.0796326436190141,6.01575721474054,3.55571076497744,0.0661044063643983,0.0871037922753062
YBL014C,-0.168030313355363,4.81160549487154,3.53908594740375,0.0667164622247328,0.087891247594176
YPL133C,-0.0925321510614175,5.20885730809196,3.52913290967631,0.0670858917833189,0.0883587990262977
YGR065C,0.0900625162088146,5.72562675936388,3.52290057823117,0.0673183718268079,0.0886458109859611
YBR223C,0.0911740107166424,4.94998170224345,3.51790060871949,0.0675055270497456,0.0888730272820645
YLR215C,-0.118859975664929,4.54648898261544,3.51644590785737,0.0675600865214349,0.0889256168035759
YGR253C,0.106716288596211,8.50650711615375,3.51298497889048,0.067690087276367,0.0890774613055133
YLL013C,-0.147642663862069,5.11663761186685,3.51124109826896,0.0677556965602343,0.0891445218527623
snR19,0.256820132826007,4.30570165169626,3.49497232082273,0.0683711757384671,0.0899348474640234
YNL168C,-0.124645025850526,6.03309986469708,3.493237490119,0.0684371723985317,0.090002203165132
YGR275W,0.0934666596402318,6.11579964678629,3.48669986192627,0.0686865127935877,0.090310594284568
YPL141C,-0.101065402088791,5.4285890825528,3.47457274109328,0.0691517030375155,0.0909025951573303
YDL165W,0.0601901755422188,5.48464109056509,3.47214818441612,0.0692451261416671,0.0910057435360786
YDL028C,0.101191270944904,5.38163231687366,3.47073778895431,0.0692995359214295,0.0910575849885335
YOL059W,-0.111260738528164,8.54459309615095,3.4680491507773,0.0694033886970604,0.0911691547729737
YIL149C,-0.146672100560822,7.09594836853058,3.46776404363437,0.0694144115140817,0.0911691547729737
YDR458C,0.125450492868065,5.92467959573316,3.46487944759801,0.0695260450576724,0.0912960690927787
YKL222C,0.151401111009951,4.52113294184686,3.45929376525355,0.0697427767861121,0.0915524517092964
YDR157W,-0.221144557594223,2.18149727476062,3.45907235816167,0.0697513830935576,0.0915524517092964
YDR008C,0.241325192063312,1.05457795267408,3.44874066392198,0.0701542990144672,0.0920614426359786
YDR453C,-0.18844109596193,4.83882040457104,3.4471440951572,0.0702167920726269,0.0921235833898092
YOL065C,0.0846803428202275,5.46504935168769,3.44449481547865,0.0703206267570482,0.092239925375434
YBR063C,0.164163266007681,4.05517041001837,3.437631308961,0.0705904252229017,0.092555061094646
YDR334W,0.0723461363632962,7.06040498977506,3.43760919414762,0.0705912963911672,0.092555061094646
YHR177W,0.0837333311296372,4.15685910718856,3.43270522416309,0.070784773325607,0.0927887431465572
YBL035C,0.0995115051379247,4.50908831519373,3.43050933878505,0.0708715985486962,0.0928792584368164
YFR032C,-0.399913183944425,2.95364448701465,3.43018706823611,0.0708843510567914,0.0928792584368164
YMR153C-A,0.20814009795019,1.42029540742761,3.42438616932076,0.0711143334010595,0.0931362223156032
YDL239C,-0.177840238602449,4.1934387020634,3.42437935367292,0.0711146041007571,0.0931362223156032
YKR044W,0.087633306709255,6.14087915488158,3.42408287763439,0.0711263804602478,0.0931362223156032
YOR123C,0.0743531512433924,7.54942787389116,3.41964771259052,0.0713028088244084,0.0933471582823849
YMR001C,-0.125374913400883,5.8617202063837,3.41397175728088,0.071529304210275,0.093623535409663
YKL092C,0.138112556718847,5.35789799228348,3.41096314189665,0.0716496849218854,0.0937609317741231
YML111W,-0.0723971288990856,6.63076215491589,3.39757113335363,0.0721882622427326,0.0944328629450448
YNL015W,-0.224009568780149,5.92965174593578,3.3974242232454,0.0721941953032619,0.0944328629450448
YDR362C,-0.0690161803047268,5.46791942253959,3.39674609324272,0.0722215890465885,0.0944483922949691
YMR097C,0.0928993823716867,5.0865263351414,3.39592977701283,0.0722545802763692,0.0944712335585962
YDR180W,-0.168567230204797,4.85378903410171,3.39513540650804,0.0722867006457949,0.0944903780581424
YFL064C,-0.199206912614454,2.0270149362708,3.39479970717428,0.072300279414743,0.0944903780581424
YJL002C,-0.0649268494437466,7.81986967350811,3.39161188251877,0.0724293656601562,0.0946387567193581
YHR063W-A,-0.246204366140367,3.04252324140503,3.38960563856374,0.0725107367952221,0.0947247388147116
YJL095W,0.0792972450450583,5.98645752654082,3.38495921076925,0.0726995812459712,0.094951052131731
YDR065W,-0.153046085262552,3.63550854208015,3.38149296629117,0.0728408154525109,0.095115099147753
YPL210C,-0.144647890102876,6.65497749379777,3.37785615105375,0.0729893274873,0.0952885770779276
YHL006C,0.2075404495191,4.08042180400109,3.36993482710485,0.0733139665965294,0.0956918675975721
YNL097C,0.0960752491518885,6.3547688130142,3.36193299827652,0.0736435352312805,0.0961014179460308
YNL059C,0.0625357624191488,7.10539508972597,3.35958209341498,0.0737406739048718,0.0962075473222867
YPL167C,-0.0910415492381635,5.27724534593962,3.35241784959867,0.0740375778865027,0.096574203952705
YCR083W,0.120286041707024,5.42152623219188,3.35164247826393,0.0740697908211753,0.0965955158908812
YIR002C,0.084150293025957,5.97950618941771,3.34420391090168,0.0743796205816898,0.0969787853523854
YPL161C,0.0964036489994731,5.2049644183394,3.33896055487682,0.0745988818469965,0.0972438294856414
YOR216C,0.0926402726612116,6.22801533497276,3.33604940680817,0.0747209275557673,0.0973820612929629
YHR130C,0.224311527856539,2.5695711715938,3.33293783809442,0.0748516212393902,0.0975315021930813
YNL195C,0.224589494750569,4.3006953679381,3.32257131187009,0.0752888797981334,0.0980802469645989
YPL215W,0.0775141248927679,6.08591902940031,3.32081506735728,0.0753632390972556,0.0981561022916953
YNL322C,0.176169833429526,8.2112734925615,3.31839108342846,0.0754660047253056,0.0982689147771206
YBR036C,0.110156949489452,8.44598641361811,3.3100513984956,0.0758207616292217,0.0987097420868238
YLR018C,-0.104713343607399,5.83776650929613,3.30953365463258,0.0758428467445784,0.0987173737841196
YDR322C-A,0.0883917494884762,6.010732348335,3.30596962430658,0.0759950700794686,0.0988943544554248
YDL178W,-0.0668271157532292,6.52967510372686,3.30145092908436,0.0761885573149061,0.0991249457475312
YBR163W,0.0919562548690145,5.76796983543579,3.28459551237992,0.0769151483076822,0.100048883593896
YOR067C,0.0818100745257148,6.41701708315082,3.27543653373534,0.0773132008217103,0.100545164992543
YDR333C,-0.101033741174042,6.30592893105842,3.27100018961395,0.0775068305490662,0.100775441002365
YNL288W,-0.0823896280747241,6.8899067027007,3.26923895574956,0.0775838515658415,0.100854034774225
YOR191W,-0.0971441345685847,6.53142466583098,3.26209025184163,0.0778973504073885,0.101223426957995
YMR025W,0.181416068072429,2.93031780918237,3.26200077559903,0.077901283228314,0.101223426957995
YPR040W,0.0766624451884556,5.95964395638344,3.25233732368932,0.0783273342008971,0.101755300728535
YNL103W-A,-0.298182234279433,0.703892819908096,3.25136656175903,0.0783702773970748,0.101789357088837
YLR369W,0.0509481571598722,5.74341529383518,3.2467099924841,0.0785766333972086,0.102035598425526
YHR036W,0.108492476203096,4.89579618573423,3.24252721237271,0.0787625100048347,0.10224977988436
YCR104W,0.245574189689809,2.35268524952246,3.2422425084783,0.0787751796381066,0.10224977988436
YOR343C,0.189921190608344,2.03903248236562,3.24160290491089,0.0788036509816536,0.102264921352818
snR3,-0.322402547511757,1.45094893191046,3.24082782975279,0.0788381680928774,0.102287900393424
YPL151C,-0.0629202108181074,5.95786615916685,3.23837931077526,0.0789473209735219,0.102407684528647
SCR1,-0.711628978834421,5.63210281160684,3.23512455871705,0.0790926760380089,0.102574367794391
YIL066C,0.123776511779274,3.92851172286626,3.22656467691242,0.0794763815411094,0.10305002805831
YGR293C,0.263517084360552,1.33001385335671,3.22582373929491,0.0795096923558713,0.103071256494563
YDR109C,0.0532262621894957,5.15325389317644,3.22387393595215,0.0795974253813609,0.103163010318548
YER026C,-0.0822399158783841,7.83509351370051,3.21150244666799,0.0801566141563712,0.103865629714974
YLL040C,0.116520776058675,7.4925249068662,3.2074326248415,0.0803415264760115,0.104083071877056
YDR295C,-0.113655357305632,5.38319206974472,3.20098740910298,0.0806353396612691,0.104441473358625
YNL088W,0.163191326599748,6.58522979851119,3.19439818607938,0.0809369581615961,0.104809829838968
YNL026W,0.052872663772069,6.29275408554678,3.19314863473373,0.0809942977404161,0.104861766329879
YBL034C,0.0906184294598769,4.80152647828289,3.18842150012719,0.0812116278696736,0.105120773364596
YDR332W,0.100497964742633,5.08385333425624,3.18773093537136,0.0812434310810487,0.105139574250996
YCR020C,0.162865817544901,2.4415857749721,3.1855432070088,0.08134427640362,0.105247697621949
YKR007W,0.120554647237267,6.48364892456239,3.17413643818748,0.0818723518714509,0.105908431364324
YHR032W-A,-0.168306850322889,3.61789718944984,3.16871567717396,0.082124647129054,0.106212216318872
YLR227C,0.118929089756077,4.7953665883511,3.15758621320802,0.0826453665903124,0.106862952762867
YNL150W,0.188683235972484,2.70498542236076,3.15713688207552,0.0826664670144339,0.106867527466078
YHR213W-A,-0.271904830290511,0.703291378826474,3.14651380771097,0.0831670810352449,0.107491862383064
YNL138W,0.0827753863098347,8.17154060992983,3.1452859179237,0.0832251637200289,0.107544090302904
YER077C,-0.0963560435519523,5.4955136516008,3.14373317018832,0.0832986780617049,0.107616232697553
YBR245C,-0.0863374318970418,6.67064743086002,3.13765713525089,0.0835870447773536,0.107965860214434
YCR013C,0.224645063572892,6.49493289970072,3.1320423201032,0.0838545149450231,0.108288353871067
YPL119C,0.0904806771414371,4.9296527921733,3.1164676067904,0.084601464605996,0.109229771298003
YDL069C,0.256114075247687,3.22130462417147,3.11573252138469,0.0846369021824884,0.109252344034884
snR17b,-0.26732276539907,3.11244433066688,3.11320640794516,0.0847588097366982,0.109386502067404
YIL003W,0.107690482109715,5.05083179202546,3.11223842189799,0.0848055757824263,0.109415069713643
YGL097W,-0.0881720244247785,7.31363082784636,3.11200395669848,0.0848169077796638,0.109415069713643
YBL063W,-0.111947075710428,5.04930041620474,3.10914152162116,0.0849553895815706,0.109570484443378
YDR288W,0.0999758116996628,4.94199277862817,3.1046583367225,0.0851727905354833,0.109827597035053
YEL022W,-0.112805141358499,6.94846947296508,3.10343003753501,0.0852324624949405,0.109881257263075
YBL018C,-0.121373567051008,5.00772152545323,3.09642562005531,0.0855736395690422,0.110288117201117
YMR066W,0.158492029180712,5.102499322542,3.09620718323881,0.0855843039315814,0.110288117201117
YIL154C,0.210449427591781,8.21768186740863,3.09210290986531,0.085784956686091,0.110523282116211
YJL009W,0.0997684065741377,3.97525553419465,3.08943864327173,0.0859154912793115,0.110668028034422
YNL161W,0.0597258189049429,6.81670028060106,3.08650061521219,0.0860596966658315,0.110830318351658
YLR353W,0.0773923345430356,5.76094700437076,3.08601776518305,0.086083422017137,0.110837414933195
YKL122C,-0.123868618830835,6.59186776892963,3.08278950205977,0.0862422345247455,0.111018404290898
YFR016C,0.0870797546679365,7.19984551756134,3.07557438586041,0.086598365762561,0.111453268964717
YDR233C,-0.0735926485154052,8.75742780006526,3.07186465538863,0.0867821156370437,0.111666139490677
YGR194C,0.105838720916802,5.99682713741248,3.06518050006997,0.0871142981332505,0.112069874025545
YCR015C,0.115315687111613,3.60396320403334,3.06416363766995,0.087164957915622,0.11209563170017
YMR164C,0.0877349159986848,5.51865023765773,3.06403912464375,0.0871711633862293,0.11209563170017
YMR185W,-0.158101311123071,4.51636910503807,3.06085448153317,0.0873300477948713,0.112276218219267
YAL064C-A,-0.219087221334395,2.50312125087488,3.05729053990136,0.0875082407217346,0.11248154727329
YIL098C,-0.0812875055834683,5.29294652054448,3.02070154608117,0.0893614193306254,0.114839331916971
YIL068C,-0.100251078108197,5.49921380704675,3.01674479744384,0.0895644471408226,0.115075941902852
YOR309C,-0.410983669974274,3.45059118030158,3.01496779059168,0.0896557969498385,0.115168993970819
YHR153C,0.269852781525042,1.22373739583655,3.00857677071947,0.089985202818625,0.11556774148403
YOR037W,-0.105210293216487,4.92211442972214,3.00705061987852,0.0900640644861982,0.115644615403781
YER087C-B,0.0774424750227942,6.51706379329716,3.00425766127587,0.0902085876643508,0.115805750197801
YDL216C,0.074865051111588,5.16147103171073,2.99847472483882,0.0905086574321277,0.116131416719484
YGR109C,0.21647891654301,1.91466714903516,2.99826762098354,0.0905194245783798,0.116131416719484
YGL108C,-0.121486404009425,3.47688253025927,2.99826568991793,0.0905195249795417,0.116131416719484
YDR244W,0.0620633707868015,6.17016707644851,2.99538725273712,0.090669321602777,0.116299077140156
YBL047C,-0.0821203405879632,8.811029844158,2.99492432594728,0.0906934387342294,0.116305495194475
YBL009W,-0.145954978103943,5.0302816085865,2.99039927167865,0.0909295606462162,0.116570510067048
YHL034C,-0.0665427150213543,8.09410243201024,2.99022998146802,0.0909384077712861,0.116570510067048
YGL192W,0.0710455326126866,6.35312724406369,2.98008197732371,0.0914705142906045,0.117227902160558
YKR074W,0.0714357688804806,6.1686244041594,2.97852095918259,0.0915526756883313,0.117308492643398
YGL189C,-0.136515872518524,10.482698938811,2.97611608808238,0.0916794141263916,0.11744615472823
YOR122C,0.111779939496672,8.97006963115473,2.97149282598592,0.0919236176590989,0.117734206157781
YDR129C,-0.0904415275349277,8.92560268546579,2.96588792101087,0.0922206532140576,0.1180897884696
YOR311C,0.062043659983108,6.51973661702182,2.96433574408898,0.0923031025003065,0.118170498361953
YOR239W,-0.0629271133457961,7.79605550442776,2.95832056339203,0.0926234036262006,0.118555618650701
YMR232W,0.227334050149518,2.44086896792272,2.94373591072045,0.0934052212704732,0.119531182214686
YOR186W,-0.23855134893328,0.75603246696623,2.93668117491592,0.0937860558153336,0.119993303119492
YNL068C,0.1073145336834,6.24584827608537,2.92975310259321,0.0941617540292434,0.120448659505559
YHR013C,0.0699269889862207,6.66354633897919,2.91627093834501,0.0948977363118056,0.121364591310916
YDR215C,0.204405227273855,1.71987817862891,2.91341871742574,0.0950542658672144,0.121539232570288
YBR301W,0.21604231185997,0.929220098752602,2.94169007839187,0.0951231909143758,0.121601810234029
YDR075W,0.151165093154025,4.57787941793549,2.90939220565504,0.095275735586358,0.121771235253726
YMR207C,0.104347522989552,5.93386745260163,2.90673122279121,0.0954224162319642,0.121933095920097
YJR010C-A,-0.0924326237698063,4.79626040521979,2.90325113268358,0.0956146323276174,0.122153062715421
YCL058C,0.435484718094412,1.67140062115407,2.89605919879984,0.0960132487994998,0.12263656988769
YLR380W,-0.0762643585579059,6.51583073455936,2.89376280190283,0.0961409218626245,0.122773873984065
YOR304C-A,0.107839238228631,3.86473834724084,2.89252083772812,0.0962100512064868,0.122836374652008
YOL064C,0.105901047048101,7.17694561742055,2.88165825667749,0.09681707023934,0.1235854567666
YJR019C,0.200896911811541,6.27473602985174,2.8809065114422,0.0968592384698579,0.12361335278714
YDR131C,0.105406719604052,4.20082569333649,2.87996318039696,0.0969121827694466,0.123654986821573
YFR050C,-0.0684674236796959,7.98475861349254,2.86946350131286,0.0975036837044888,0.124383630050695
YJR122W,-0.101887245039824,4.91311380591694,2.86742042891681,0.0976192530695177,0.124504958064979
YGR120C,0.110297009161736,4.34101612871024,2.85244154233775,0.0984712907645426,0.125565340381861
YBR032W,-0.252345447016014,3.98633466499626,2.84474324741189,0.0989124522410132,0.126101460692765
YER089C,-0.124959978446177,7.69995867724494,2.84201289310548,0.0990694545837258,0.126275163624209
YPR036W,0.120450577756776,9.35523107928539,2.83945746651132,0.0992166530567927,0.126436300282845
YDL226C,-0.0563854299165568,7.1139069646579,2.83805244064158,0.0992976909884952,0.126513075725501
YHR149C,-0.129520716153102,5.98063767885171,2.83390569956478,0.0995372994512287,0.126791808072164
YOR350C,0.122030706318927,4.48356951260696,2.83106240315881,0.0997019691303077,0.126974985801156
YLR424W,0.122894428611562,4.2009800857283,2.82946606182826,0.0997945561771206,0.127066305573923
YLR185W,-0.137579677225066,9.44161445921081,2.81989584116574,0.100351665084344,0.127748929296701
YPL118W,-0.0659971898866809,6.58901097682253,2.81280033914045,0.100766982402716,0.128250802744306
YDL086W,0.127270615008714,6.2325163181455,2.80902528620628,0.100988737015743,0.128499764633856
YNL311C,-0.113329095819255,5.06664051890015,2.80875173657994,0.101004827320252,0.128499764633856
YML009C-A,0.32495681782936,2.33070311897009,2.80550327908235,0.101196124653253,0.128716224605987
snR83,-0.333789733182812,2.71945678256641,2.80261660837678,0.10136646057451,0.128905937846582
YOR176W,-0.0531914895019171,6.93430164247917,2.80131985885866,0.10144308432662,0.128976424598304
YNL272C,0.062967177553405,6.34164243445543,2.80090983647051,0.101467325801956,0.1289802961155
YMR031W-A,0.240098425219835,1.18900994799829,2.79427218337719,0.101860671968687,0.129453255833221
YOR173W,-0.193166546604205,5.65074379477479,2.79374186202033,0.10189217303113,0.129466250343376
YFR004W,0.0720212311283849,8.29434271250603,2.78696678283068,0.10229558343837,0.129951696288618
YCR033W,0.072005353369867,7.02800682410668,2.7820009408038,0.102592413421847,0.130301572880805
YDL158C,0.347874799973922,2.64488863661863,2.78083869074127,0.102662026808582,0.130362778199128
YER143W,-0.0781157202580299,6.79335008794617,2.77617352604841,0.102941986859839,0.130691005642003
YLL049W,-0.0879894651903378,4.67900036556791,2.76955246028661,0.103340806502829,0.131169964032064
YHL027W,0.0918982958975314,7.61343044299993,2.75551027392562,0.104192439095977,0.13222335597477
YHL017W,-0.0728099358561087,6.59393788428657,2.75049958923398,0.104498249562616,0.132583788279508
YIL129C,0.0572905704657457,7.09458609034877,2.74443197090401,0.104869928374471,0.133027624381625
YOR143C,-0.150799901958331,4.5244257238784,2.7429903876678,0.104958454224305,0.133112170478303
YDL107W,0.130923688573475,4.63345599341624,2.74082304829132,0.105091707255914,0.133253394176335
YML076C,0.0699061946296629,5.72828587800016,2.73690823446107,0.105332885213238,0.133531376358865
YJL201W,0.0740095094670264,5.51253025483524,2.72796175198084,0.105886405189311,0.134205118845441
YPL048W,0.102234660249432,9.06395563261304,2.72335946463031,0.106172433248679,0.134539620224534
YLR412W,0.0764242171370621,5.63433697685878,2.70522686629006,0.107307917095798,0.135950171877563
YHR186C,-0.0625787206758094,6.21041202456168,2.70113361669221,0.107566143147884,0.136248955257051
YGR002C,0.105455537058313,5.17288464734341,2.69849843327579,0.107732759010844,0.136431600120913
YBR215W,0.117376323994064,5.62617550860048,2.67697644063807,0.109104561666492,0.138140086920642
YBR131W,-0.0953567444378489,3.97705464088464,2.67599136132315,0.109167823359228,0.138191430235261
YOR259C,-0.047271851795642,8.06403233576534,2.67126372104003,0.10947201243817,0.138547669651886
YDR330W,-0.0656925454550372,6.79709561925231,2.66827722492043,0.10966466794244,0.138762633485079
YDR167W,0.0806140678925368,6.32561198985217,2.66227390274661,0.110053102371483,0.139208278945512
YGR270W,0.0864414076157786,7.26527950569651,2.6621271407077,0.110062617914028,0.139208278945512
YML036W,-0.0932120470209364,4.5578826467738,2.66065203371905,0.110158310700808,0.139300357567419
YCR095C,0.199534415442839,4.80682996230208,2.6574231551423,0.110368104008619,0.139536653416257
YJL188C,-0.0991696095468575,7.26761314271468,2.65356949261675,0.110619086892548,0.139824915608881
YCR038C,-0.0906107664715393,4.83634933720512,2.64357765521725,0.111272867927435,0.140622097889604
YFR044C,-0.0808136326629003,8.28722701382368,2.64119487287273,0.111429425271676,0.140790708633336
YPR125W,-0.0700176222902401,5.92559270727229,2.63520400751897,0.111824154932809,0.141260116829177
YPR199C,0.0671424480893668,5.40011000467826,2.63379966181615,0.111916915333177,0.141347951391113
YGR169C-A,0.111446803272387,5.98245526718397,2.63226361392583,0.112018475261122,0.141446860752008
YML107C,-0.079543118434796,4.67770455180484,2.63065574735289,0.112124896046088,0.141551865651544
YNR019W,-0.0955946475337501,7.38049701132675,2.627600468089,0.112327434798436,0.141778145768198
YLR310C,0.0801225133354761,7.18479087752065,2.6258313603196,0.112444901802295,0.141896977906877
YNL285W,0.255030431051111,0.945193155452782,2.62346704605522,0.112602108319474,0.142065898636533
YLR389C,0.0531838772337518,7.33788618682903,2.61917144012648,0.112888369830234,0.142397539472839
YLR390W-A,0.0868209584004449,9.39266319595007,2.61632744689277,0.113078351006037,0.142607619869789
YAL040C,-0.127301848278623,6.54238404496503,2.60241835866686,0.114012751535589,0.143756235618329
YML017W,-0.086259827197814,6.01461326394964,2.60123991862735,0.114092321504202,0.143826761208425
YGR204W,-0.15063747733283,9.60186723183953,2.5959646218427,0.114449293758488,0.144246883289229
YOR346W,-0.126131859374926,5.98347786823233,2.59198120502534,0.114719689884843,0.144557737202168
YLL018C-A,-0.141382055431354,5.46652081133133,2.59140764651149,0.114758683239879,0.144576933232849
YGL125W,0.175040294147171,6.50417012223747,2.58721803593327,0.115043972522118,0.144906349161061
YGL063W,-0.110376466104221,5.17261393066853,2.58514430182831,0.115185481466477,0.145054564305363
YGR156W,0.0705780511670183,5.48023301899173,2.58034775131595,0.115513553088745,0.145437610292782
YJL126W,0.0684900285026287,4.59905289872278,2.57807755345213,0.115669200219326,0.145603451248365
YIL156W,0.0579972788878835,6.16497521066748,2.57651644537431,0.11577637023038,0.145708213619826
YER016W,0.0973052674173146,6.87229490151832,2.5624680343473,0.116745907063764,0.146872524456423
YNR061C,-0.0664665014701026,6.27631764344873,2.56241220840945,0.116749778273741,0.146872524456423
YPL135W,0.0989270579102722,6.68149807695803,2.56174024123543,0.116796386858276,0.146900788349031
YDR296W,-0.0938735024313221,6.78362174463816,2.56133776515771,0.116824313333309,0.146905547971313
YNL317W,0.054706315287973,5.58651435940367,2.56088062831265,0.11685604178281,0.146915085588513
YDR462W,-0.099341170385454,5.60753393895444,2.55864316367806,0.117011479231945,0.147080117976944
YER088C-A,-0.123383536364135,3.60952376646304,2.55707235827703,0.117120744659456,0.147187057259974
YDR318W,0.133188834276367,4.77006773172759,2.55648771715157,0.11716144211569,0.147207799973977
YBR107C,0.0631337923499257,4.94829678103503,2.55181861692413,0.117487042927092,0.147586427789298
YLR337C,-0.128330423646038,7.55327935248437,2.54748663093079,0.117790059415126,0.14792310890553
YDR035W,-0.102490514828898,8.35134266451181,2.54729222378179,0.117803678842432,0.14792310890553
YPR126C,0.159408022324427,2.52065540677657,2.53945545595001,0.118354193871473,0.148583715640172
YMR138W,-0.0891302175953691,4.56093480193381,2.52227473531964,0.11957141957467,0.150080876260699
YIL090W,-0.107686042299776,5.81398788887763,2.52016756030427,0.119721692405074,0.150238502430372
YKL219W,0.109577083330627,5.10205728078654,2.51625588774629,0.120001225667121,0.150558238800914
YKL155C,-0.088255063848193,5.39110608353734,2.51539054630057,0.120063164896708,0.150604897628627
YOL145C,-0.127731480344476,7.16324126408447,2.51312682428826,0.120225370160709,0.150777283064285
YPL200W,-0.278095218097626,0.647419575859698,2.50805700617929,0.120589554390303,0.15120285152792
YPR131C,0.0685048513620661,5.26576324287358,2.50507493877798,0.12080435711907,0.151440979206745
YOR150W,-0.0673297687077965,5.74506225128523,2.49949276274759,0.121207627661731,0.151915224371089
YBR139W,0.115569368411281,7.52842176025419,2.48952143674773,0.121931822805292,0.152791421287109
YKL039W,0.0617238417744568,7.92488460019557,2.48463918351645,0.122288216147288,0.153206463919343
YCR073W-A,0.145108495929964,7.12006765650713,2.48384126041904,0.122346576079226,0.153248027056832
YDR387C,0.0525828612493998,6.19809279380485,2.47232914979756,0.123192130868369,0.154275389243471
YDR239C,-0.0694531999902478,5.27614525192604,2.47090373628496,0.123297291470575,0.154375312468817
YPR030W,0.113888025295168,5.5996743166738,2.4609182418917,0.124036868691776,0.155269357331713
YPL022W,-0.0699811213237353,6.66037323261239,2.45871432463938,0.124200786643439,0.155442572341696
YLR059C,-0.0930384450109877,6.5090657331161,2.45764125460775,0.124280686929501,0.155510586051
YBR288C,-0.100289536770992,5.71635486722932,2.44765335500304,0.125027216544061,0.156412543723399
YLL019C,0.0840530858214729,6.39143356209087,2.44320006563185,0.125361728128184,0.15679879047482
YBR044C,0.0499849633178204,5.99704757180653,2.44228224600622,0.125430798315001,0.156852940350757
YHR159W,-0.0748907700385329,4.70172979441499,2.43953350375201,0.125637915376768,0.157079662023348
YKL031W,0.173399706291878,2.03674668832789,2.43872737170384,0.125698731662921,0.157123414578651
YIL120W,-0.0630782815390918,4.6854926487938,2.43412628310037,0.126046495050538,0.157525116489751
YHR051W,0.0913701323633887,6.22387034817663,2.43379115543376,0.126071868086292,0.157525116489751
YAL037C-B,-0.408354723054511,4.3507355589671,2.42273385000646,0.126912332791751,0.158542710950073
YJL183W,-0.0551839383134268,6.49546726631269,2.41820554544089,0.127258385215264,0.158942379728014
YNL303W,-0.48252510407227,2.69740626280821,2.41663157143389,0.127378921941718,0.159060279092008
YLR182W,0.0904927516174716,6.36865235274404,2.4146910390179,0.12752771077692,0.159213401739343
YPL045W,-0.0731447662646864,5.71727992918769,2.41408913180315,0.127573902132007,0.15923839886631
YBR129C,0.0725629424504635,5.50750385190349,2.40760033256417,0.128073086473361,0.159828697947171
YPR093C,0.150802888469727,6.05754315048863,2.4069435123028,0.12812374079845,0.159859127077828
YPL052W,0.11556914012465,4.85705879183133,2.40028000041428,0.128638938894912,0.160469033041316
YDR267C,-0.0775479393734634,6.4313788760731,2.38606843238536,0.129745706482061,0.161816483694064
YLR128W,0.0835955448232727,4.59397933610762,2.37221343639602,0.130835268825476,0.163141928443242
YLR237W,0.0544589124975854,5.68334169818909,2.3698408227884,0.131022906949783,0.163342427533175
YOR152C,-0.12176173853967,3.53405666610424,2.36899612294645,0.131089784841674,0.163392327071198
YEL061C,0.110425596236376,5.37909495853847,2.36299363611684,0.131566157426442,0.16395250213801
YNL126W,-0.150631582099402,4.13851306149254,2.3573419587254,0.132016513121083,0.164480033239515
YOL033W,0.0622241356372629,4.74056382179901,2.35334123323324,0.132336386435904,0.164844812991296
YOR254C,0.0591942974451529,7.80204885404638,2.35111035813393,0.132515141455237,0.165033695406287
YBL025W,0.0860030806810416,4.08477636857759,2.32618955589939,0.134531041622246,0.167510003738769
YKL134C,-0.0589001281354976,4.82328150445135,2.3250439178472,0.134624562451996,0.167592156816775
YDL175C,0.0721159936928881,5.36748322294161,2.32119301687609,0.134939470282369,0.167949821368013
YDR067C,-0.0982857320167747,5.35760599612211,2.31505701208693,0.135443002231631,0.168542059014207
YDR419W,-0.0648754683487956,4.85854625928218,2.31411282096022,0.135520676850749,0.16860423607377
YDR375C,-0.0527230901238638,5.97220241591129,2.30830974756896,0.135999203060641,0.169164993995095
YMR039C,0.0527450902656264,7.81204827061056,2.30665862841866,0.136135712334948,0.169300185889671
YOL128C,-0.134395710179467,2.8850082196362,2.30561027477253,0.136222469076635,0.169373462266311
YDL008W,-0.128982404268173,5.52181778028143,2.30264230850767,0.136468430586188,0.169644616979971
YOR110W,0.0535169004359971,6.15361113718189,2.30202772020952,0.136519426931489,0.169673348218568
YPL108W,0.0776293683264703,3.78286262572311,2.30101763203209,0.136603288314691,0.169742905737164
YPL170W,-0.139487754831412,6.71241813012865,2.29976759038574,0.136707154029818,0.16983728711136
YBR086C,-0.0490753351593432,8.37861618161982,2.29681232863579,0.136953069489335,0.170108068553298
YDL016C,0.0889106184652892,4.57537317868713,2.29589613438042,0.137029412385601,0.170168158033956
YDL218W,-0.151575135551338,3.08753612044336,2.29363220727437,0.137218267769951,0.170367916625209
YDR514C,-0.0999886664949766,5.28515863994508,2.29138517992653,0.137406011141795,0.170566213341049
YGL263W,0.106325823926838,3.18865234780404,2.28954039661762,0.137560368406732,0.170722994443191
YLR400W,-0.184352621551897,1.31086424486982,2.28838646968979,0.13765702211179,0.17080174861328
YNL208W,-0.189045342737843,10.0948773893012,2.28799713900354,0.137689650440401,0.17080174861328
YDR369C,0.075769820991617,4.69838790680943,2.28777784410801,0.137708032653534,0.17080174861328
YDR444W,-0.106316324217928,5.35083393405578,2.28580497752315,0.137873534307347,0.170972173682537
YJR012C,0.137820854103493,5.26977113880215,2.26769221501692,0.139403802924387,0.172831572088587
YPR072W,0.0985519849395195,7.0499119460631,2.26738677813555,0.139429776069495,0.172831572088587
YCL035C,0.127905542378482,7.3057817527053,2.26423128342224,0.139698435237508,0.173129323507176
YPL203W,-0.0836076235298112,6.97338309549333,2.25592578886503,0.140408437777172,0.173973802458581
YNL274C,-0.164533766377497,5.81512760274254,2.25204306937094,0.140741789511266,0.174351341444637
YGL058W,-0.0426721175503455,5.90318531631261,2.24343626922049,0.141484005136763,0.175235125433992
YDL089W,0.0803255334544576,5.24771130043106,2.24062616474063,0.141727319514695,0.175500760937509
YMR213W,-0.0600574263124202,5.61554754280384,2.2401837764374,0.141765668146274,0.1755125311638
YPL063W,-0.0505756398810954,7.57353878092768,2.23822579221083,0.141935541515517,0.175687097258324
YIL059C,-0.179095148022151,0.997757122501557,2.23361760893301,0.142336277258132,0.176147294512046
YBR204C,0.0707180579864382,5.7227246701338,2.23096230453203,0.142567783446981,0.176397918315348
YPL189C-A,0.0791635951840174,4.96348200953952,2.22155339193967,0.143391637873684,0.177381198711398
YPR122W,-0.0960829245185633,6.02936182854199,2.21985053625254,0.143541331858596,0.177530285438934
YBR019C,0.0883557554988638,3.91932499689955,2.21632687279365,0.143851665520457,0.177877948525092
YJR021C,0.104144099144199,6.16665180289992,2.21060472069577,0.144357285248225,0.178466899783716
YIL157C,0.0760102634087289,5.65233889845405,2.20855499951183,0.14453890449045,0.178655135857077
YNR073C,0.183175263986708,4.11762914470952,2.20675444228026,0.144698665256381,0.178816283120447
YKR038C,0.0565506853186539,6.66947658824579,2.20570330125572,0.14479202632557,0.178895325927126
YDR303C,-0.146869938995904,5.85761433221582,2.20220561580446,0.145103191083487,0.179243385656317
YMR009W,0.106757620126944,6.04712779965281,2.19862250181781,0.145422762361246,0.1796016864153
YNL001W,-0.130588455476215,5.39787991621164,2.1925272505512,0.145968269025136,0.180238822446825
YJL099W,-0.0654469348900837,5.625781545272,2.18804026365502,0.146371362372713,0.180699886394392
YER167W,0.0615884680374507,6.78293222708888,2.18672585345193,0.146489689038833,0.180809281501277
YJL025W,-0.113568957215931,3.57949992628477,2.18240398568324,0.146879540545369,0.181253701930354
YPL096C-A,0.100670706644059,4.63413981138745,2.18119868044303,0.146988479666156,0.18135135822558
YLR387C,0.0573309246170354,6.89958668642658,2.17965993291397,0.147127693035138,0.181486319099699
YJL054W,-0.0438328442600925,6.66966510680695,2.17774016394509,0.147301593421287,0.181664004047129
YIR014W,0.104495558388259,3.50055854800032,2.16907996553555,0.148089050582494,0.182598150515598
YKR103W,-0.123274656779213,3.42678618691108,2.16076017730411,0.148850177518197,0.183499459116335
YGL032C,0.104416251224269,4.34403222249167,2.15997764873595,0.148922000602676,0.183525332486153
YMR149W,-0.0427183197375834,7.70900172918858,2.15960808804118,0.148955934161039,0.183525332486153
YLR041W,0.205697385636481,0.879354117285191,2.1594396747012,0.14897140108935,0.183525332486153
YDR400W,-0.0527412847826581,5.08679689643001,2.15921751946573,0.148991806488348,0.183525332486153
YJL184W,0.107661348971261,6.04534804265006,2.15827997665437,0.149077957554788,0.183594286929951
YML104C,0.091825877408066,5.35232865904424,2.14931981007289,0.149904246702493,0.184574532817619
YHR191C,0.0690079777566693,5.17907084473753,2.14891449157133,0.149941750481282,0.184583360647097
YBR141C,0.0773871928618012,3.77667812049675,2.14394043576225,0.150402888247997,0.185113587174163
YGR204C-A,-0.164525669467469,2.28752751879352,2.14090420241785,0.15068518653396,0.185423530851192
YPR003C,-0.0493381655668157,5.91305095587145,2.13909339878076,0.150853843050205,0.185593537193792
YHR121W,0.0528390964213206,6.52157892468989,2.12990224710132,0.151713303688061,0.186613190406681
YBR198C,0.0476112408093301,7.41219468448274,2.12805366527952,0.15188685370239,0.186788905573776
YLR297W,-0.112115584616568,3.62582295060965,2.12582829787464,0.152096085098333,0.187008421463599
YGL066W,-0.0534285157406212,6.25721985171908,2.12258386970804,0.152401733285123,0.187346373139388
YOR233W,-0.0763391308981807,5.6281542787737,2.12075952718117,0.152573914527675,0.187520151464532
YIL176C,0.181566027262788,1.0448487892703,2.11584969758266,0.153038434100401,0.188053083905682
YGR080W,-0.0796525773662362,6.23833538688283,2.11286591759924,0.153321537460426,0.188362922561415
YAL065C,0.148021325311609,2.22737482455991,2.11184801646551,0.153418256746013,0.188443700504539
YNL107W,0.108676570068979,4.46699164325891,2.09568942504753,0.154963218834464,0.19030296399752
YIL076W,0.0422270921843448,7.6674267875397,2.09405864430473,0.15512015075968,0.190457247250334
YDR126W,0.0928715704730399,4.6498690714113,2.09135065328623,0.155381155050067,0.19073922301385
YGR116W,-0.0657577193696934,7.61851046912255,2.07333011795164,0.157131188335308,0.192848584312293
YGR019W,0.124301037143357,7.42382044878867,2.07159044126606,0.157301353352924,0.193018498720013
YJR084W,0.0534594128470147,5.85915459882603,2.06837435223776,0.157616501643069,0.193366212197193
YNL045W,-0.0582356001914402,7.05317577903185,2.06247036229416,0.158196969850419,0.194039218209998
YJL072C,0.0815367892701996,4.55664103869914,2.06169210820106,0.158273673103395,0.194094175903699
YOL075C,-0.0532502674174974,5.22172493980126,2.06103348846322,0.158338619507405,0.194134696696062
YBR233W-A,0.0665120485207652,4.20039122861834,2.05751368128381,0.15868623776176,0.19452170765115
YMR002W,-0.113434422650302,8.02966524449663,2.05511930386031,0.15892321974695,0.194772969216554
YJL164C,0.0798165472223267,6.50909372115216,2.05465362001487,0.158969358744049,0.19479028351944
YGL134W,0.0656136297463191,5.32583940937792,2.0473679388593,0.159693260541075,0.195637908273091
YLR107W,-0.0887918010990827,5.43163789080271,2.04121635423403,0.160307494504069,0.196350866356131
YDL065C,0.0622579862443907,6.22271530867511,2.03722287063473,0.16070772849487,0.196801474721531
YML112W,-0.0873103659944115,5.01698468136558,2.029221393348,0.16151319001623,0.197748040492709
YIL135C,0.0734721128940361,7.03469794266458,2.02855467380678,0.161580518681853,0.197790677163363
YGR261C,-0.0578766359944845,6.72644385837228,2.0267532858561,0.161762596937435,0.197973733379785
YMR257C,-0.105889041632278,4.66823822605605,2.02506076595571,0.161933891065948,0.198130633617166
YLR031W,0.171908074049708,2.14799509017248,2.02484325825736,0.161955919738995,0.198130633617166
YNL032W,0.0499057151837217,5.84159659951125,2.02242161458393,0.162201416402674,0.198391079157844
YML120C,-0.123444315863425,7.08912931409433,2.02157132490999,0.162287719224373,0.198456746680126
YER148W,-0.0784307982402041,6.11714709825271,2.00659513384445,0.163816668905249,0.2002862025896
YGR205W,0.0747462565020595,6.19356280720618,1.9991790547494,0.164580067469038,0.201179130283065
YGL243W,0.0779679839133331,4.73275297739419,1.99749800457123,0.164753694156844,0.201350919651415
YDR198C,-0.0816976859146402,4.55691375476602,1.98704463876152,0.165838225005464,0.202635662481576
YER115C,0.0747130570522337,5.31768301180096,1.98589586779001,0.165957921955495,0.202741207608751
YMR126C,0.0827678983804549,4.77996186173179,1.98487802592003,0.166064061807135,0.20283015176564
YDR080W,-0.101987902656013,5.01578541100857,1.98256999838102,0.16630503812418,0.203083716031635
YMR073C,0.0537967247583581,5.05369642861031,1.98036410251446,0.166535736729059,0.203324630416598
YKL194C,0.0500483266289463,5.23836032012812,1.97807466682148,0.166775571594208,0.203576600431445
YPR118W,0.0543103043194716,7.10343851981732,1.9765057521274,0.166940162082099,0.203736639845482
YBR120C,-0.137543681599076,4.2600377918696,1.97097641698765,0.167521759888818,0.204405435918079
YMR140W,0.0559896874897949,5.95296216798212,1.96616539760046,0.168029749555913,0.204984167210852
YDR393W,-0.0586815847170076,5.3246265676345,1.96266942770139,0.168400026361112,0.205394700422403
YCL028W,-0.0911291814130879,7.62347632947285,1.95705130264134,0.168997093512047,0.206081626056274
YDR415C,0.0495284380887922,5.67941837689539,1.95399604763246,0.169322841421864,0.20643748548428
YDR246W-A,-0.145065788021067,3.11507241838996,1.94605422254742,0.170173069228324,0.207432517278516
YOR258W,0.0811871704316182,3.67252999542305,1.94377885937885,0.170417592694875,0.207688974874487
YCR102C,0.110331616848304,3.86686815735027,1.93417984856778,0.171453744852841,0.208909899365145
YOR072W,-0.192569705105759,0.691933195192931,1.93011214363369,0.171895076556905,0.209405713883637
YCR061W,0.129454592292067,6.07285551652791,1.92138692924143,0.172846278862418,0.210501658188578
YIL115C,0.0596485866344121,6.9191225002455,1.92104968812245,0.172883169113082,0.210501658188578
YGR146C,0.0989171346275705,6.728544030221,1.92090968969032,0.172898486052016,0.210501658188578
YPL183W-A,-0.0819817424371123,4.61154381418452,1.92011778142865,0.172985157384991,0.210565049547444
YJR154W,0.11929997713685,3.38873752003183,1.91718926756525,0.1733061197372,0.210913547720172
YCL007C,0.204059332690935,0.492215531157855,1.91393156892946,0.173663990357262,0.211306814901807
snR67,-0.244196796111565,0.854446670588704,1.91223191182042,0.173851052026965,0.211462143784646
YDR024W,-0.372749078669568,0.869655855010667,1.91214021120212,0.173861151249726,0.211462143784646
YBR085C-A,0.120923582674979,7.19851723149791,1.90906677910945,0.174200039023771,0.211831981906405
YAL068C,0.223714225499855,0.748431923171141,1.90754206229324,0.174368450610061,0.211994409982462
YFR036W,0.150458231366357,4.19834817774014,1.90621652805245,0.174515018608639,0.212130221381056
YDR170W-A,0.0700136109607919,5.39146212883478,1.90586718687493,0.174553670569285,0.212134828323167
YGR238C,0.0627238589752212,5.17078593819456,1.89662678340288,0.175579750013887,0.213339213026058
YAL023C,-0.0631882157184716,8.79978838388964,1.89607381515634,0.175641379870604,0.213371490619411
YLR320W,0.0871690127953725,5.23325024820961,1.88640427174065,0.176723242267936,0.214618829529894
YMR031C,0.0643437146740445,8.39447644566597,1.88588500122242,0.176781563752875,0.214618829529894
YJL168C,0.0831318920887004,6.05786872807693,1.88570554487396,0.176801724578916,0.214618829529894
YJR031C,-0.057965079296802,5.66858773918352,1.88563870274979,0.176809234582311,0.214618829529894
YJR103W,0.110761701937441,7.68737823791666,1.8848285448303,0.176900289503811,0.21468653004202
YLR033W,0.072344891955006,6.23189129274635,1.88434744862278,0.176954387039511,0.214709360944252
snR57,0.220206816532773,1.52709153791183,1.87245721263067,0.178297673411321,0.216296120954523
YKR031C,0.091765968022204,6.59800958792125,1.86963908418271,0.178617824383152,0.216641311814128
YGR277C,-0.0766335552684907,6.07268055790649,1.86846953126594,0.17875089124595,0.216759500444721
YJL112W,0.0524665632235693,6.26850088400695,1.86743531556262,0.178868658313894,0.216859092616068
YDL228C,-0.449196516739487,1.58767979555874,1.86627391956388,0.179001017625405,0.216976333117647
YDL030W,0.073206478690617,5.20583687351047,1.86389516615579,0.179272478093842,0.217262104999209
YMR227C,-0.084209235071621,6.00488147422435,1.85636995178261,0.180134480902989,0.218263304718178
YKL058W,0.0391875388199514,6.43915994937255,1.85285558206733,0.180538738045468,0.218709580132723
YDR154C,-0.138993835758364,5.98207986790021,1.83752480852653,0.182314933206299,0.220817350430002
YML129C,-0.142412203284403,6.68570847520046,1.83600943106045,0.182491631605698,0.220987378770283
YHR160C,0.132788273196789,3.0089754659678,1.83041517145635,0.183145714835089,0.22173531133536
YCL033C,0.177251049882515,6.54702466223298,1.82060036097416,0.184300044396686,0.223088476258968
YML002W,0.0699642381945396,5.58819508977413,1.81124597375098,0.185408324195812,0.224385372460524
YDR457W,-0.0577673683879306,7.76890385243391,1.80813323451581,0.185778878199585,0.224789117885161
YPR044C,-0.45492300441973,2.49524193389843,1.80306524075076,0.186384091739697,0.225476580166214
YLR116W,-0.0599560311292211,5.99453918385746,1.80233738406684,0.186471205122181,0.225537126449706
snR39B,-0.168156809396226,1.51052303676966,1.80144607575046,0.186577947570181,0.225621385326819
YBR217W,0.0834996840618561,3.98865644054699,1.78828006139191,0.188163255553999,0.227493226712911
YGR026W,0.047251785299174,7.2743427869639,1.78520699929888,0.188535600088239,0.227898118104278
YGR020C,0.048151007721307,8.00818083062314,1.78287924094429,0.18881822863834,0.228194423289831
YOL063C,0.0422168890609443,5.96674107080553,1.78138660052876,0.188999727314378,0.22836841554964
YGL100W,0.0473263177575413,6.63973937790202,1.7799745154098,0.189171623425729,0.228530738246091
YML016C,-0.0639543637540001,6.95745192943791,1.77855027172635,0.189345189594265,0.228695013632612
YDR262W,-0.0552896979477299,6.53169565718933,1.77447087970076,0.189843384973958,0.229251239842535
YNR010W,0.108855380184374,3.81098139672278,1.76969671252598,0.190428428773942,0.229912101009809
YNR029C,-0.049536139398537,5.95444681300549,1.75927254217935,0.19171338544134,0.231417566040578
YJL142C,0.212694742027676,2.63400758873544,1.75831019524919,0.191832535475257,0.231515465760996
YDL110C,0.120890218973093,7.95796356798159,1.75534506494118,0.192200213937015,0.231905861054981
YPR162C,-0.093911202543,4.73138157493978,1.7550871375054,0.192232237167022,0.231905861054981
YOR219C,-0.0795878718793528,6.80290328655775,1.75229914639043,0.192578792604657,0.232277889593526
YLR147C,0.0616339742592508,5.18419353809071,1.7407759582369,0.194019153669622,0.233968797082769
snR81,-0.155607643045024,1.97387961851501,1.73742772609757,0.194440100141307,0.234429960245661
YEL028W,-0.0858133594974358,3.52670089736011,1.73466034471031,0.194788851148445,0.234803914270659
YDR231C,0.115925426938192,4.77451524857754,1.73307650116144,0.194988789281424,0.234998372504944
YOL103W,-0.0570867457839429,6.77893328753707,1.73167006011918,0.195166540077494,0.235166019083475
YDL095W,-0.0588177644849064,8.06125351118007,1.73125758281852,0.195218707374582,0.235182307339998
YLR395C,0.0866439046211371,6.09099937385289,1.72576054288903,0.195915541859153,0.235975073676355
YFR034C,0.141326710295552,5.97132917282687,1.72196429590082,0.196398525187476,0.23649019113364
YDR316W,0.0990400263891264,5.253008313683,1.72178838109265,0.196420941000726,0.23649019113364
YLR023C,-0.0407111860556424,6.49429435309315,1.71180892355772,0.197697634484977,0.237980238544231
YNL055C,-0.118196836327299,9.60473187600095,1.70797293606956,0.1981910436627,0.238526997762565
YER158W-A,-0.133147675276013,2.17197685175527,1.70706187707433,0.19830844829005,0.238621101017393
snR41,0.136198753379509,2.53332520463017,1.69986122505758,0.199239330017201,0.239693816361145
YAR029W,-0.173260557695,1.47574171227797,1.69750280473457,0.199545367723275,0.240014540936179
YOR248W,0.173220643275432,2.05986346731436,1.68975487300749,0.200554777332516,0.241180992108372
YOR339C,0.178086799108899,1.94325535328001,1.68433192543202,0.201264960763956,0.241987213248107
YAL029C,-0.0605359168270553,7.16231973462596,1.68134804822265,0.201657024134706,0.242410705622221
YEL030W,-0.0783311035436487,4.11354261091298,1.68047063083641,0.201772487322924,0.242501596950423
YOL087C,0.0353011812917113,7.79494988202113,1.67934204368103,0.201921120758092,0.242632310389611
YJR125C,0.0695933597849539,7.34730459219344,1.67714819713051,0.202210426996117,0.242931973992374
YDR494W,-0.0694456415027801,6.06898167393689,1.67483754000413,0.202515680276676,0.243250673999916
YDL100C,0.0759762758096102,8.54202859353055,1.67450060014967,0.20256023890779,0.243256177966036
YJL140W,0.0439537239606222,7.15395627356635,1.67301003451446,0.202757501407763,0.243406689045159
YFR019W,-0.0583820207328957,6.08335759580061,1.6729490870566,0.202765572188975,0.243406689045159
YJR127C,0.0549549542973139,7.71059879788491,1.6694686937462,0.203227099224287,0.243912603309623
YDR137W,0.0588313522320872,5.81595463946271,1.66886026555397,0.203307912192723,0.243961476176833
YBL020W,-0.0713232654866416,5.68674638693904,1.66394083917602,0.203962755852474,0.244661408745023
YKL040C,0.0390671633721998,6.05821203895911,1.66387435662889,0.2039716231,0.244661408745023
YDR282C,-0.0743483277133545,4.2149802688245,1.65547313298214,0.205095927144214,0.245961512942952
YMR233W,-0.1054863978116,4.62788569694041,1.65260430099013,0.205481573811405,0.24637544367338
YKL083W,0.202365027412819,1.25023352649659,1.64760940718359,0.206155122678951,0.247134342297364
YMR151W,-0.163130000622126,1.63659533769549,1.64599217174643,0.20637377734435,0.247347731955953
YMR247W-A,0.128929405614019,2.10092424240335,1.64438280838619,0.206591647477991,0.247560097460334
YEL050W-A,0.141899745794577,1.67350419547504,1.64232522206794,0.20687060379721,0.24784556489585
YPL039W,-0.0760271564844895,5.08766971703663,1.64183188916746,0.206937555208753,0.247876973119146
YLR275W,0.107895942487203,3.98645914913489,1.62911276325176,0.208672831927684,0.249866451049523
YKL126W,0.0482975745572823,7.92488604380942,1.62905629082705,0.208680575880637,0.249866451049523
YDL101C,0.0588001824837169,4.78400923534151,1.62821179720098,0.20879642137736,0.24995597562094
YBR280C,-0.078206685775668,5.72011076931428,1.62165228035887,0.209698910601763,0.250986992724573
YJL161W,0.118003266974161,4.36664075144834,1.62105344311964,0.209781537892693,0.251036510929604
YOL161C,-0.179978202135015,1.01798398711522,1.61590929117743,0.210492962199682,0.251838315962459
YPR055W,-0.0882151381719636,5.65949728383579,1.61293080238546,0.210906224625233,0.252283148583555
YGL249W,-0.150908786897281,3.20530559700473,1.60963916336107,0.21136408778163,0.252781146649218
YDR522C,0.168542349707167,2.5772897975031,1.60542535342566,0.211951994799013,0.253434444557279
YLR321C,-0.0650830636204152,5.20695866299951,1.60293459721398,0.212300441298258,0.253801215186621
YDR027C,0.0458003545315136,6.44963785864234,1.60120997144732,0.212542119059769,0.254040226768551
YLR154W-E,-0.31591419753407,2.21375200189333,1.59907748198717,0.21284141679737,0.254348001023566
YDL166C,-0.0954235442480213,6.35662342628505,1.5966983012722,0.213175945668737,0.254697747770325
YER113C,-0.0402061119285587,5.91951954549108,1.59395887950053,0.213561922733736,0.255108814258889
YCL008C,0.122409973917555,7.02145754539177,1.59091779142025,0.213991404412466,0.255571677301248
YDL232W,0.132869639834739,5.121294214578,1.58593390298311,0.214697546029973,0.25636471106601
YDR435C,0.0778900947435044,6.48180972983539,1.58395892464052,0.214978158715837,0.256649420401386
YJR105W,0.0848171220526011,9.25866270820603,1.58285211104219,0.215135615305789,0.256787018269071
YKL148C,0.130285341975265,7.58831666147906,1.57883449624131,0.21570835286792,0.25742014653879
YDR388W,-0.0888054533388362,8.73572803076133,1.57574013825059,0.216150746614269,0.257897508460358
YPL195W,-0.102889096982414,6.47660864694628,1.56731014249672,0.217361614091171,0.25929139810719
YFR028C,0.0485729038391742,6.37777069867252,1.56382357938655,0.217864845853561,0.259840765781835
YEL017C-A,-0.0894469699809864,7.903276488861,1.55921931854531,0.218531590838338,0.260584897168585
YDL219W,0.135484655702953,4.41365490613882,1.55716737893958,0.218829539239348,0.260889056871362
YOR284W,0.0657944478819794,4.12841227036906,1.53943897848903,0.221424642561576,0.263931234081722
YGR262C,-0.0558698448231386,6.41739317603795,1.53255599506401,0.222442366378305,0.265092400981588
YPR170W-B,0.0688604574934975,4.82683076668056,1.52558651034787,0.223478751895099,0.266275348596373
YHL010C,0.0573954220637503,5.47720161384694,1.5213480930475,0.224111926783586,0.266977500876687
YMR197C,0.0758806875913959,6.72975645693043,1.51901967547365,0.224460708549424,0.267340656003767
YER101C,0.0536418234342161,4.49188955073252,1.51871869142042,0.224505842810153,0.267342084833617
YOL066C,0.0636899173139566,5.6263601695113,1.51757883288727,0.224676872480451,0.26749340032157
YLR204W,0.087684781846124,6.67568154244155,1.51236533797937,0.225461180289182,0.268374663939686
YBL107C,-0.0490056423461019,5.6017216234827,1.506593518357,0.226333424613383,0.269360236411585
YOR069W,0.0750996686410064,6.06380392113185,1.50307091856507,0.226867811210919,0.269943416350888
YDL248W,-0.0879055181976665,5.36669239528242,1.49769189019966,0.227686832401759,0.270864980481858
YHR032C-A,-0.174479543592523,1.0636221646947,1.49226340963141,0.228517091001177,0.27179955018416
snR10,-0.133673000604726,1.59461520663125,1.49133141962061,0.228660010414867,0.271916389168354
YGR045C,0.139448395626717,1.61688019212812,1.48848293621313,0.229097507371423,0.27238341781069
YNL316C,-0.0546037676577659,4.72757089279285,1.48764668742595,0.229226142940317,0.272483117755778
YPR109W,0.0499494967457653,5.59338439512445,1.48686348999967,0.22934669896406,0.272520395441525
YLR437C,0.108794624573251,6.49971884466146,1.48686105460706,0.229347073961553,0.272520395441525
YMR127C,-0.0741167057853137,4.01072039496873,1.47910476842748,0.230545233720623,0.273890618350252
YIL075C,-0.0537767231988755,9.34783815627377,1.4786462994348,0.230616298496899,0.273921564777206
YFR021W,-0.0548227131577241,5.97213162465242,1.47616803952632,0.231000910215458,0.27432485141707
YPL100W,-0.0397529215059872,5.85251500881661,1.47531006947818,0.231134247424284,0.27442963816132
YDR370C,0.0709410244539452,4.97206258848596,1.47224781334481,0.231610931448035,0.274941966028345
YOR026W,0.0523777740670023,4.97655783828948,1.46928803394732,0.232072822351387,0.275436536767737
YFL034C-B,0.0417965522343999,5.46734275660573,1.46536899278551,0.232686170961477,0.276110637734124
YBR262C,0.0819762391072954,5.89289273502035,1.4626055861552,0.233119866738681,0.276571337318167
YML127W,-0.0375316038898268,6.6714189576365,1.46085894185644,0.233394506937628,0.276843191952333
YKL013C,0.0654272819801926,7.36227675284273,1.45865519273162,0.23374159518435,0.277200858837804
YJL105W,-0.063902227091342,3.82022917531861,1.45736894337438,0.233944474428144,0.277387398070004
YCR066W,0.0705511135961815,4.58299227122138,1.45707567792887,0.233990761605419,0.27738822995694
YDL134C,-0.0588701276243084,7.81493935408603,1.4562910446156,0.234114659152962,0.277481048100073
YIL141W,0.219607708162977,0.592735936468587,1.45555663411961,0.234230700116943,0.277564520002258
YPL101W,-0.0470232736841617,5.76860260375004,1.45327767131032,0.234591244247918,0.27793764043002
YIL114C,-0.0534088720794685,6.09064946435519,1.44961517209424,0.235172117503147,0.278571605023682
YDR425W,-0.0740346715157434,4.96440031212377,1.44855844081128,0.235340047659599,0.278716268977941
RUF5-1,-0.151484398503093,5.11908175098906,1.44448255334853,0.235989164896809,0.279430641836366
YBR186W,-0.120038530175529,3.23124152305863,1.44313879641324,0.236203656912964,0.27963020473062
YGR184C,0.0440267778506931,7.34178701076846,1.44222498504874,0.236349659131112,0.279748623966702
YER032W,0.0902337324232951,5.04259550924107,1.44186646119115,0.236406972177054,0.279762043115009
YPL099C,0.0616450906070066,4.73304972792527,1.44150119198503,0.23646538131496,0.2797767538988
YGL082W,0.0305573470237929,6.80954337307139,1.43264443354762,0.237887156409353,0.2813716712629
YAR066W,0.0952165806903323,2.8014272535342,1.43252826943942,0.237905874880464,0.2813716712629
YGR023W,0.115475011798585,6.46751303438398,1.42630075147165,0.238912059027992,0.282506777921752
YHR015W,0.176855761891984,0.984138778088057,1.42481450491468,0.239152976813418,0.282736713407742
YHR083W,-0.0723268122269616,7.12147281872234,1.42418552966598,0.239255023790791,0.282802412542145
YKL184W,-0.0444486119535215,6.88118257721017,1.42314698122561,0.239423640191778,0.282916035439054
YDR118W,0.0661396284925635,4.33547516395935,1.42302078976426,0.239444138457047,0.282916035439054
YKL093W,0.0539441278500088,5.04046955317665,1.4226309582775,0.239507475666149,0.282935932717631
YGL242C,-0.0703818351563148,5.803282853161,1.4185699820883,0.240168521078438,0.283638327560403
YDL073W,0.0837022519793657,6.04130575680802,1.41840586562697,0.240195283799302,0.283638327560403
YDL006W,-0.0407114534250611,5.57869771365043,1.41337125820257,0.241018097684063,0.284554738922686
YLR020C,0.0509952726934007,6.23665900297064,1.4082042553596,0.241866214637989,0.285500662671612
YDR226W,-0.0520617845230781,9.35300781119399,1.40773824967112,0.241942888563611,0.285535779074782
YBL105C,0.0439477112728007,7.49869920809535,1.4051730028866,0.242365504355155,0.285979075819491
YBR026C,0.0608060281970075,6.50806597760225,1.403995259394,0.242559842927918,0.286152897288945
YNR036C,-0.109679741220906,7.92567885749842,1.40304028280201,0.242717566057392,0.286283463744762
YDR482C,-0.121711465354075,6.42594339834809,1.39989249723999,0.243238361278292,0.286842137282637
YIL083C,0.0386037754535948,6.13160985738503,1.39586695823758,0.243906419434688,0.287574222487905
YDR197W,-0.072688431818148,4.83729301582828,1.39105922258678,0.244707301603366,0.288462597879985
YNL187W,-0.0883675416990111,4.35242486350374,1.38915361055067,0.245025654168257,0.288781930198304
snR68,-0.256515516842098,0.815831545212234,1.38883283308893,0.245079294470516,0.288789215114851
YLR357W,-0.0545484338104011,5.87096464171995,1.3860497798316,0.245545294374724,0.289282307119109
YDR207C,-0.0523081180832993,6.30710513587959,1.38370253954416,0.245939185170094,0.289690271343403
YGR294W,0.13749488460462,1.70810565366092,1.3819297214429,0.246237207722577,0.289985176890242
YGL105W,-0.0394722040320221,9.14466311712806,1.37583944920351,0.247264483250293,0.291138618532901
YPR121W,0.0692750627665398,4.9257900432514,1.36829828443574,0.248543960402761,0.292588508231921
YIL033C,0.0640646209141365,8.1717312404828,1.36700399427562,0.248764393261845,0.292791360347839
YOL159C,0.0759249650206438,4.81560226735205,1.36155482711866,0.249695152728979,0.293830014379392
YKR015C,-0.0952485713353522,4.33958945957845,1.36119553927773,0.249756675734295,0.293845586203245
YGR117C,-0.0404895216855215,5.91191913944093,1.3563566791996,0.250587125345495,0.294765640388041
YDL123W,-0.04567555805214,5.73872460278961,1.35422661307768,0.250953791717164,0.295139896134315
YGR038W,-0.0535155650698813,5.41643122300876,1.34485721657182,0.252574679657841,0.296988777916515
YDL225W,0.0596709072020014,6.58439956706046,1.34090098048317,0.253263066366386,0.297740679837608
YNL117W,-0.125629627318872,2.98255973187062,1.33808469235383,0.253754545560499,0.298260847930392
YOR085W,-0.0511526407093914,7.11915945523318,1.33713216448717,0.253921046765367,0.298398912624036
YFL005W,0.0619663575432571,7.962189424912,1.33565231660933,0.254179997054449,0.29864554587301
YGR018C,-0.117777303960434,2.57826242426596,1.33196197344293,0.254827205022684,0.299348174239968
YBR045C,0.0749583013495175,3.22802906798827,1.32678061043791,0.255739427522942,0.300361786619784
YDR066C,-0.0664713693698835,3.80062177710796,1.32218915034282,0.256551248671058,0.301257110799573
YDR160W,-0.0346730669907692,5.99901899630578,1.32128902200036,0.256710783726537,0.301386285737214
YGR072W,0.107391520343362,5.72309911672259,1.32088704200183,0.256782069597516,0.301411823591992
YPL199C,0.0440534644747464,6.51200757844495,1.31651203009859,0.257559544694103,0.30226611947225
YCR101C,-0.164258890851579,1.43175438220912,1.31058243010472,0.258618052024213,0.303415146637173
YAR031W,-0.0483102936183921,4.44140257286067,1.31046901942147,0.258638350962534,0.303415146637173
YGR035W-A,-0.13435826703347,3.27745088837474,1.30576025062827,0.259482942909716,0.304347283655671
YBR005W,-0.125211784069623,6.97428276750503,1.3054435357153,0.259539876297649,0.304355395504181
YPL109C,-0.0534511692876071,4.92002920850973,1.30124715972533,0.260295726128497,0.30518294672291
YGR104C,-0.0585943786207934,4.96970333208034,1.30044439408599,0.26044063850986,0.305294025300038
YJR014W,0.0376452050035557,7.4451716514386,1.29955403490542,0.260601482895294,0.305423733323933
YGR004W,0.0557390164073251,5.06721811111432,1.29900645997624,0.26070046561983,0.305480903773669
YMR095C,-0.116302793415369,2.27064645682103,1.29856120872027,0.260780986969838,0.305516423895161
YLR071C,0.0543971190605351,6.50262331133911,1.29469673209538,0.261481187161886,0.306277771680476
YFR017C,-0.132000591299998,7.57200742347242,1.284910151623,0.263265136625899,0.308307997761469
YOR181W,-0.0764407699310207,7.73362187286622,1.2833346853844,0.263553767650805,0.308586622311939
YGL202W,-0.0555959038431949,8.70374212565905,1.2775464656053,0.264617659426298,0.309772692883613
YGL203C,0.0475705697813386,7.25947597887841,1.26745240914124,0.266486120688793,0.311886597930791
snR5,-0.204679703645977,1.93061711707356,1.26723830758747,0.266525934139706,0.311886597930791
YBR108W,-0.0728752944345742,6.67098577883571,1.2666045388821,0.266643831736243,0.311964567605275
YHL013C,-0.0643200070852805,5.07928210163655,1.26568749835075,0.266814543326461,0.312104286071034
YOR274W,-0.053733628226449,5.36936639994137,1.26322766422824,0.267273143919492,0.312580642081512
YOR365C,-0.108882826611872,3.37155183058601,1.25674153272315,0.268487232383965,0.313940201586554
YOR002W,0.0307761744695322,7.08084973665264,1.25525254519422,0.268766939802674,0.31420688351571
YGR215W,-0.076946208764542,4.69006661404853,1.25250359414029,0.26928431329665,0.31475125747409
YHR166C,0.0447238058869866,4.91712743484348,1.24395420523252,0.270901551062689,0.316580744808232
YNL050C,0.0956044222335911,4.85936932801014,1.24048211091353,0.271561902649355,0.317291508759855
YIL043C,0.0699945472428081,8.80424008855171,1.2362118909416,0.272376884419841,0.318182634228207
YOL137W,0.051007203956791,5.1919389488866,1.23358141719568,0.27288048066471,0.318709736054657
RUF5-2,-0.153425258871928,4.49690449250407,1.22976008094104,0.273614197906321,0.319505352957199
YOL094C,-0.0491910916728448,5.09464741851092,1.22663410618034,0.274216289402528,0.320146991752568
YJL128C,-0.0340879731666791,7.02367712790744,1.22383483570714,0.274756902182079,0.320716621864176
YHL006W-A,0.124705463776147,2.11949724328021,1.22294412644453,0.274929209253341,0.320856202206863
YIR008C,0.0493905824106149,5.34160182986733,1.22138976310262,0.275230233133722,0.321145919198216
YPL262W,0.0626368335583176,7.79984522336723,1.21679702987436,0.276122163360707,0.322124878077051
YBR153W,0.0570414184893046,5.34957259442241,1.21431435642931,0.276605861517764,0.322627308287443
YOR362C,0.0664800586450878,8.8247442060656,1.20947442892924,0.277551968618549,0.323668786708293
YBR284W,0.0507127890972955,4.05567913772147,1.20647621630205,0.278140153558339,0.324292553056619
YBR259W,0.0527937260971504,4.56500184521461,1.20600477519689,0.278232786564373,0.324338411157895
YLR436C,-0.0390892947003232,6.98157509040617,1.19973640365764,0.279468249622791,0.325716203592164
YLR179C,-0.0703768460674778,8.56157759801414,1.18951582312048,0.281497930188055,0.32801894009849
YDR173C,-0.0617794893158576,4.79359979096871,1.1874786416604,0.281904768348344,0.328430119739551
YKL130C,0.0480032577181299,5.23813829097323,1.18435577574619,0.282529905344767,0.329095419989072
YAL043C,0.0539071576204261,6.76394098984025,1.18381313281743,0.282638715132471,0.329159154369586
YKR045C,-0.0928503557950315,4.40646714782588,1.18272092996245,0.282857886523151,0.329351366148751
YNL293W,0.0553098419764989,6.39674280556866,1.18061856774413,0.283280386711997,0.329762147070321
YAL046C,0.0955456571603888,5.22161394449027,1.18042631235796,0.283319064072906,0.329762147070321
YEL042W,-0.0417163088903183,7.37563308184188,1.17679833768763,0.284050215916206,0.330549926152249
YMR086W,-0.0536534784021756,6.72676154280209,1.1656611818466,0.28631007470017,0.333116023814634
YDR192C,0.0583347858849512,4.94459897145749,1.16221416077389,0.287014252104666,0.333871482327833
YGL151W,-0.0594779527032664,6.50635993626702,1.15842325746327,0.287791286227283,0.33471138698261
YGR248W,0.0867941189748913,6.30277295990256,1.15799340899435,0.287879566641606,0.334750078924932
YGL247W,0.0658365435814492,4.60306089899196,1.15537409297828,0.288418274030763,0.33531241831815
snR47,-0.207291640050755,0.801908785884093,1.15501497131441,0.288492236002373,0.335334337359015
YGR201C,-0.0862637294284605,4.88251939958196,1.15451363393415,0.288595529015884,0.335390335000316
YBR126W-A,-0.149932907496515,6.31496100996437,1.15111642532445,0.289296745309829,0.336141053123985
YLR430W,0.0343142760525198,7.267114198197,1.14903875667435,0.289726691930209,0.336576349827285
YMR315W,-0.0690351073322748,7.84927781161451,1.14615302932766,0.290325241049219,0.337207308987306
YER144C,-0.0491399814386834,6.84745312034742,1.14570876081836,0.29041753334993,0.337250131762275
YHR058C,-0.0715111968658042,5.34789525426742,1.143984183094,0.290776160422595,0.337551341957024
YPL259C,0.0500900605771881,6.27152139408164,1.1439279635195,0.29078786105813,0.337551341957024
YPL252C,-0.0936661658891928,5.26500210576162,1.14245238707535,0.291095183917539,0.337843638019879
RDN5-1,-0.315736204422541,3.27690293540556,1.14122539836308,0.291351056062687,0.338076120545662
YKR054C,0.0442426856980862,6.43587683069445,1.14066982237391,0.291467010765591,0.338146188848164
YGR134W,0.0375483564002729,6.10576473285846,1.13959532762314,0.29169144071468,0.338342054279227
YHR167W,0.0585488889241816,3.97212966755658,1.1384593898963,0.291928950154267,0.338553013472215
YFL021W,0.0929997080152031,5.50415895506617,1.1337343166888,0.292919620466256,0.339637174263942
YNL071W,0.0658464455372441,9.23944924085709,1.12774709472345,0.29418125046691,0.341035036976786
YIR024C,0.0509278847507236,4.73536454031448,1.12651872698403,0.294440972822855,0.341271108500395
YJL093C,0.0392657697454813,6.54403913403265,1.12493521375734,0.294776230013986,0.341594621907276
YKR084C,0.0413930802374979,6.79935153106988,1.12108346837199,0.295593804974576,0.342476828497771
YCR041W,0.171763635980146,0.93711687148869,1.11680373308012,0.296505721390541,0.34346798299285
YHR073W,0.0329197838799283,7.3700896892757,1.11600029101479,0.296677328981844,0.343601360269227
YGL259W,0.129946990665882,2.51915104060647,1.11539490967781,0.296806718938001,0.343652908974718
YGL144C,-0.0766210389136084,4.88494339256615,1.11509263893731,0.296871351932256,0.343652908974718
YGR006W,-0.0500325006010946,4.09628968971924,1.11499953230585,0.296891264170927,0.343652908974718
YDR196C,0.0449232643590837,6.36066252384205,1.1124716774344,0.297432555349644,0.344213978566486
YDL245C,-0.0785479399732363,3.0787110551649,1.10654188643242,0.298707410706342,0.345623615544417
YIR016W,0.112030640152676,7.118472611985,1.10524519348081,0.298987147046396,0.345881518969072
YLR363C,-0.0869569367818344,4.3928786591595,1.10227660458824,0.299628863423447,0.346557999226701
YGR247W,0.0635465426039445,5.95626761064135,1.09860315770673,0.30042546427423,0.34741333145357
YPR058W,-0.0777740574066336,5.43479460772251,1.09725689005667,0.300718107006871,0.347685669986094
YKL160W,0.0433541824037226,7.25162491593373,1.09390482539576,0.301448393147807,0.34845390935266
YBR273C,-0.0607289363680774,6.65739032060456,1.09346213875765,0.301545012547434,0.34845390935266
YPL237W,-0.0506727778905164,7.97420107516015,1.09341931638282,0.30155436099443,0.34845390935266
YLR329W,0.0933823317592547,2.84840516967885,1.09270662702917,0.301710002667987,0.348567565261952
RUF20,0.142583378488207,3.77799174525795,1.08778118817212,0.302788558843985,0.349747224860602
YDR195W,0.0887004041003298,5.0545876906571,1.08689227395207,0.302983753057091,0.349906270137103
YLR301W,0.0574696342084774,7.45629413847116,1.08571822109897,0.303241815248463,0.35013784550036
YPR166C,-0.0745322084504344,4.81005383414436,1.08371423576763,0.303682972668055,0.350580703601805
YER044C-A,-0.159527974141978,1.164818944926,1.08308914124097,0.303820754792306,0.350660224565121
YOR058C,0.0867166105520689,5.13239706668953,1.08287891991353,0.303867109964155,0.350660224565121
YNL036W,0.101718575898564,6.85142038228893,1.08172967194126,0.304120692219495,0.350886312505808
YNL183C,-0.040244186375777,6.10364818507761,1.0794749695979,0.304619008484776,0.351394628744997
YHR143W-A,-0.0654467489114574,5.85848269059986,1.07654096864894,0.305269079032191,0.35207777594975
YMR320W,-0.106423048750355,3.28933035196854,1.07602312036634,0.305384006711192,0.352143581739171
YDL093W,0.045297343962344,5.71984681836479,1.06930587314496,0.306880000720991,0.353801592343165
YPR133W-A,-0.0850010727669902,5.50405922018123,1.06789008300838,0.307196551019918,0.354099453107824
YIR001C,0.0427933544030256,5.28524897001489,1.06662180557644,0.307480487996223,0.35432664704838
YAL041W,-0.0384309197866612,6.33339905095827,1.06648957820042,0.307510110610106,0.35432664704838
YDR380W,0.0574297896278741,5.59309967315642,1.06620238169652,0.307574463687393,0.354333701540664
YDR326C,-0.0589733598473919,6.52740664182371,1.05116797771302,0.310968440965091,0.358175840104596
YER031C,-0.0458314462640064,7.89671101781623,1.04486080884523,0.312407128841506,0.359764833270356
YOR072W-A,0.138472522503557,1.24927816172601,1.0384428944852,0.313880216593594,0.361349459840309
YKL028W,0.041937975114667,7.34701308004757,1.03834859479674,0.313901930109429,0.361349459840309
YNL043C,0.245411728926784,1.01333863126721,1.03743374578251,0.31411268824651,0.361517859924972
YLR133W,0.0473165448660371,6.36774215219876,1.0371979479329,0.314167040802507,0.361517859924972
YLR318W,-0.0961808064014779,3.53014992392346,1.03662436964273,0.314299305937392,0.36160167831897
YOR138C,0.0408842164506429,7.05306394945257,1.03248997427617,0.315254891085126,0.36263251649395
YPL067C,-0.0713512901559003,5.43288551024406,1.02918454206127,0.316021678268595,0.363445834863807
YAL017W,0.0516967018904025,7.07048257037272,1.02767928492763,0.316371692981467,0.363779620520073
YDR407C,0.0634949741279738,6.08075474369058,1.02658909267889,0.316625518023753,0.364002697369079
YPR105C,0.0387725897165153,6.4771921612101,1.0261742305398,0.316722180432552,0.364045044943724
YMR283C,-0.0456416637118029,4.80116521811496,1.02497688995271,0.317001381515686,0.364297149484976
YHR104W,-0.055031954565495,6.85927221117492,1.02355835939994,0.31733258817985,0.364608912211931
YDR156W,-0.0557424769616906,5.41028896878491,1.01545307070255,0.319233999042295,0.366724350419552
YNL180C,0.0486989767248607,6.88565672491363,1.01459273476372,0.319436722393282,0.36688796824521
YNR064C,-0.0600860658266654,3.27048383912634,1.00974582634093,0.320582055850825,0.368133951661119
YHL009C,0.0450631570614318,5.17607125763998,1.00822172577955,0.32094334609025,0.368479294520598
YJR161C,-0.0655083393938122,5.39469445408786,1.00650756477024,0.321350346174057,0.368876977262618
YER114C,0.0513063715207479,6.75498171125511,1.00126831977275,0.322598642965853,0.370240049499663
YIL072W,0.0688365490982596,3.47054292131988,1.00053042463869,0.322774978320845,0.370372570824503
YOR347C,-0.0937760946243416,7.15686305336659,0.994043876959386,0.32433068960372,0.372087527571387
YMR003W,0.104597167881614,3.49656357097583,0.991950207618107,0.324834991113901,0.37259583806373
YNL004W,-0.0310955172488555,7.40412578252595,0.988878987091986,0.325576676385377,0.373376192198458
YDL230W,0.0703739317609333,6.08707243324246,0.988189272653953,0.325743554290978,0.373497178794159
YDL247W,0.0566760426881472,4.10866328777602,0.985771792100072,0.326329384355989,0.374032126924553
snR76,-0.1309962770541,1.62627111124631,0.985756716111306,0.326333042209113,0.374032126924553
YMR100W,-0.04959556068432,5.92641228053539,0.985165439707239,0.326476546096494,0.374126136157658
YKL136W,0.17793153779555,0.782926056652581,0.983862621845023,0.32679304438189,0.374405078111044
YHR188C,0.042832304720942,7.47758403951843,0.983657062232346,0.326843019708442,0.374405078111044
YPL089C,-0.0515353351537861,7.62389112607864,0.979616615484219,0.327827434204441,0.375462062325244
YNL063W,0.0375989622609255,5.04542138564646,0.976547876089744,0.328577791982708,0.376250633085205
YJL094C,0.0726433084059048,6.27330394612617,0.973293724782516,0.329376036680191,0.377093731552016
YOR172W,0.039252867941552,5.94137226465349,0.969996193105892,0.330187614042904,0.377889810125489
YER175C,-0.0663994292256636,4.79203092397426,0.969963870400535,0.330195582651968,0.377889810125489
YDL217C,0.0366640542029992,5.71092490793761,0.965480335948153,0.331303462391802,0.379086417573169
YFL009W,0.0340216198753153,6.46537983862298,0.9647625421181,0.331481298840456,0.379218594368147
YLR127C,0.0584868916339284,5.42751416387698,0.963217318059136,0.331864576235614,0.379585704209345
YBL031W,-0.062547368189435,4.68688069457963,0.962764595315539,0.331976983982697,0.379642914402314
YIL125W,0.0483567840477915,7.58999693372897,0.958511497576198,0.333035536464547,0.380781893909577
YKL119C,0.0535018903316061,4.75068684592446,0.957791373085335,0.333215223762875,0.380915768663741
YHR018C,0.145931945877919,8.1485447351519,0.956345507747262,0.333576399581135,0.381257023187679
YNL041C,0.0582650281888125,6.12173726583914,0.94195903853766,0.337199458624507,0.385321246180756
YNL271C,0.054544178131229,7.5300490955072,0.941724418018488,0.337258990494447,0.385321246180756
YLR019W,0.052167275616463,7.37238408669435,0.941026765504145,0.337436095795791,0.385451218869418
YNL179C,-0.0738477072027576,3.09047235964664,0.936911134913085,0.338483485817362,0.386575077176923
YHL046C,-0.0953774875519171,1.81230092027436,0.927286684404787,0.340950313908002,0.389265711235762
YJL090C,-0.0811682872164939,4.89723480502595,0.927220603984601,0.340967336218014,0.389265711235762
YMR119W,0.0623825981603451,6.14473825716295,0.923187465409721,0.342008491886178,0.390381105445018
YJR126C,-0.0240914319703088,7.592445699576,0.92262989401707,0.342152773571652,0.390472548233965
YPR024W,-0.0469771301591411,7.32251062912957,0.91737154783069,0.343517603701213,0.391956613261181
YOL038W,0.0651351016249651,8.68847388449355,0.913511653092819,0.344524245863002,0.393031502826465
YER094C,0.0627516702442794,8.52247612387355,0.911177021310454,0.345135086005386,0.393654545143912
YMR193C-A,0.143849647560531,2.89616882114901,0.90997473302658,0.34545024069742,0.393940163913756
YKR048C,-0.0657158652524612,7.99966826983785,0.909119441770887,0.345674679790417,0.394122245929302
YKR102W,-0.0767883498851888,4.31935349047398,0.903733856267176,0.347092573113615,0.395664726001564
YPL142C,-0.275969619483104,2.2396204557147,0.902443007031371,0.347433619104748,0.395979316773252
YMR221C,-0.0301311055752981,6.27216624272735,0.900712203236715,0.347891631984258,0.396427075023261
YGR183C,0.065885129835289,5.63382919155826,0.899289897423765,0.348268635997984,0.396782372223878
YGL106W,0.0656647962937789,8.01902135399136,0.898921546682341,0.348366365450908,0.396792445305658
YJL215C,-0.153671114684678,0.862932726565305,0.89876506524746,0.348407894045708,0.396792445305658
YBR265W,0.0506003553054266,7.16376860212842,0.895306801653086,0.349327439792178,0.397765245347194
YOR304W,-0.0685760916866879,6.45891719104918,0.89405292545068,0.34966167599864,0.397997165949921
YPL055C,0.071812240626122,6.72657278086638,0.894051970053063,0.34966193084113,0.397997165949921
YOR305W,-0.0407731105062249,5.05247378143587,0.891127017028157,0.350443344352107,0.398811997453259
YFL018C,0.0487754343022505,8.58210383047155,0.889249657629888,0.35094616940789,0.399262961644138
YHR124W,-0.0587714927178917,4.4068569435253,0.889157630767512,0.350970843358175,0.399262961644138
YDR159W,-0.0574276881143584,6.02798561164455,0.886735266971611,0.351621189464681,0.399928025774314
YIL039W,0.0293683619134482,7.17188398056881,0.885247148798506,0.352021545914927,0.400308560435868
YAL039C,0.0820747845209518,7.94130403751216,0.882381914485818,0.352794186972948,0.401112224912255
YIL002C,-0.0386226198243486,6.13919695368207,0.881755064039022,0.352963539195304,0.401229803101705
YPR183W,-0.0876374338731794,8.48268428436527,0.875886238720924,0.35455460250872,0.402963159556512
YML070W,0.0453961664808602,7.72689199894563,0.868642595830861,0.356532244478178,0.405135146153075
YDR289C,-0.0395560593469951,5.88900205069135,0.865818941643234,0.357307337283737,0.405940094729563
YCR063W,-0.101775199811988,2.32464433539363,0.865306923904561,0.357448139091676,0.406024253569693
YDL012C,-0.0660250675473376,6.30566845518239,0.86490515238209,0.357558678349049,0.40607401227211
snR17a,-0.305098354107019,2.55547155794826,0.849865368653162,0.361731358891964,0.410736204302594
YCR098C,0.0719631308406913,3.21410600669904,0.84927002105861,0.361897941154564,0.410848688792075
YOL008W,0.0435030262418251,4.60778565907371,0.848406074861251,0.36213987154458,0.411046655166717
YMR109W,0.0407845346784937,7.96877314548715,0.841977084186865,0.363947367542682,0.413021210648493
YOR036W,-0.0485966626646911,6.66114085887554,0.83914343490859,0.364748089859548,0.413852718030085
YJR109C,0.109594277992948,7.03244557791971,0.833607774953981,0.366319544376406,0.415555684264545
YLR262C-A,0.0478691744703737,7.34672882008008,0.833375896980661,0.36638557864902,0.415555684264545
YFL039C,0.0545583205614589,11.1874644247165,0.831736900257829,0.366852814141083,0.416008083124951
YBR285W,-0.0817846932424657,3.60016851348847,0.830205410858114,0.367290166156312,0.416426432096359
YER154W,-0.0354832871393507,6.93382662423775,0.828017032346742,0.367916393011564,0.41705872792015
YAL063C,0.0643931688038023,5.41413934641183,0.827574776849478,0.368043133045217,0.417124690739457
YER035W,-0.0444391087514932,6.09292451650521,0.808427748991353,0.373590352106209,0.423256512275993
YMR193W,-0.0735461756017871,4.9169955968553,0.808420209080747,0.373592559972779,0.423256512275993
YFL010C,0.0855378184997485,7.61421279963521,0.807563777448449,0.373843465156075,0.423459606744687
YBL108C-A,-0.103341632111576,1.16789668085005,0.807333378634254,0.373911005265276,0.423459606744687
YBR268W,-0.0734435629134961,6.28987001396583,0.806379497514157,0.374190815923763,0.423697639541515
YOL051W,-0.0540880418329957,7.08458274525967,0.805371556253576,0.37448681020616,0.423953905135718
YJL049W,0.0684472692252421,5.03167447205536,0.803737749156887,0.374967310043533,0.424418913990867
YOR203W,-0.136944660231671,1.9927217231803,0.801131124423321,0.375735744078187,0.425209596934307
YGL079W,0.0441973869510805,4.62107235761976,0.794296333251876,0.377761400755677,0.427422484863944
YLR061W,-0.152298915067028,0.573652635624513,0.791595549537832,0.378566168963206,0.428253418505505
YLR088W,-0.0273706199654898,6.06884256651786,0.785599960926684,0.38036155008041,0.430204466958977
YGL141W,0.050405055897827,5.8179839751209,0.783584913768353,0.380967711814726,0.430809984462481
YKL167C,-0.0545485982304898,4.94005908869631,0.7796746037699,0.382147986151087,0.432064380477399
YKL003C,-0.0354602090641976,5.43847993425256,0.778855247536563,0.382395966942746,0.432264435973734
YMR010W,0.0364679879602985,6.42810848636122,0.777186543636136,0.382901725314516,0.4327557575295
YNL262W,-0.0449123192348564,5.9974555933177,0.774842822819915,0.38361370615223,0.433479926079168
YER180C,-0.0608689813461782,4.87948589483958,0.774097915490859,0.383840397065924,0.433655554427431
YKL080W,-0.0360828713074147,8.04937571308295,0.772029967977925,0.384470734642464,0.434233751920022
YDR513W,-0.0509643863714758,7.09285067859045,0.771950792505383,0.384494898166816,0.434233751920022
YGL244W,0.0361004864973687,7.35915195339187,0.771556112344942,0.384615383251216,0.434289220093459
YGL054C,-0.0370997771756942,6.83953308415953,0.769126378475331,0.385358321810709,0.435047381858658
YGR076C,-0.0496632392755777,4.69027693683892,0.767906921532706,0.385731979320661,0.435388442620335
YNL091W,0.0349775628355312,7.95219293957291,0.763959561045068,0.386945116014019,0.436676749062557
YNR028W,-0.0434221420136381,6.01286238180516,0.760787032956425,0.387924148325199,0.437700434370265
YNR002C,-0.0784360362570612,5.41908906591159,0.759742663016513,0.388247226243095,0.43798375448447
YGL139W,-0.0311015188671623,6.43201265689184,0.758947596396219,0.388493444398794,0.438180279734321
YJR030C,0.039524880357521,5.2671847460783,0.754430621259721,0.389896600063656,0.439681395735239
YGR199W,-0.0282267294193315,6.00387402738294,0.753336248293576,0.390237668887604,0.439984475668162
YDR495C,-0.0834419322070116,4.93242078792346,0.752554469369062,0.390481582377389,0.440177923076401
YAR042W,0.0455284779319202,7.2860619157677,0.74902181144747,0.391586546179436,0.441341754677139
YDL020C,-0.0428119057284591,7.05292117382269,0.748746448127718,0.391672867733015,0.441357296325073
YBR106W,-0.0504764540635452,9.60609453015427,0.747397869441702,0.392096025601214,0.441752326566079
YIL037C,-0.0665404068775622,3.53047074010221,0.745795434416971,0.392599708919769,0.44223791721155
YPL054W,-0.126490004925162,4.96914474558705,0.743946686995145,0.393181991916134,0.442811849122649
YDR336W,-0.0479841237105221,4.97895038450913,0.737049373232096,0.39536558710733,0.445188674601796
YDR524W-C,0.212784137710518,8.1152951011238,0.736292299033481,0.395606350176268,0.445377361854318
YOR270C,-0.0348113303061569,9.18908518502561,0.736062087768437,0.395679604181017,0.445377430899277
YHR082C,-0.0305241370850031,7.68277290189811,0.73234161415006,0.396866243111437,0.446630495530441
YOR313C,0.128188122363438,0.83990155634971,0.723875840081771,0.399586001835537,0.449608140009106
YER128W,-0.0509440089233969,3.19349163316739,0.723245921046447,0.399789471514542,0.449693365926966
YLR205C,-0.0624504174478171,4.93878563426604,0.723183787076411,0.399809549657336,0.449693365926966
YML061C,0.0411538992372256,5.72081288639557,0.721710026415223,0.400286222054476,0.450146305895673
YGR206W,0.0632420059384516,4.14923924424122,0.721311102870734,0.400415394196905,0.450208365426491
YPL035C,-0.0896004864441126,2.08566283011399,0.720292472895824,0.400745508235268,0.450496289970738
YBR024W,0.0383939157655674,4.98866476062762,0.712022157822241,0.403440710081654,0.453442320067762
YIL035C,-0.0530987649354442,6.57327897044822,0.709524318531666,0.404260016736483,0.454279261651246
YDR069C,-0.0383363572227305,5.25005544370069,0.705108766364079,0.405714409944319,0.455829428454797
YOR351C,-0.0769045835148991,2.36754439574572,0.703590353359513,0.406216344796996,0.456309111701997
YDL156W,0.0546992642128869,4.07574831421893,0.699172034265211,0.40768216706641,0.457871167700093
snR36,0.144839524914859,1.01192598941511,0.692820685151768,0.409803174171241,0.460168354831519
YJR076C,0.0228055170458138,7.34738501184325,0.687555453223588,0.411574028960447,0.462069864945155
YNL286W,0.0357082210080745,5.12392626412241,0.687334962686533,0.411648436790088,0.462069864945155
YJL081C,-0.0333227642133596,6.52199633243951,0.685731969705803,0.412189998572224,0.462592427390628
YOR323C,-0.0368344126657823,7.81507578485877,0.685134659287747,0.412392070152109,0.462666582787602
YBR087W,-0.0318393740845403,5.70409449987818,0.685087170365157,0.412408142159401,0.462666582787602
YGL140C,-0.0450611807737586,6.72283346286409,0.68261076655092,0.413247555580967,0.463522834232292
YHR218W,-0.0596006505794321,4.17444839855185,0.678915830873877,0.414504796861508,0.464847344066029
YHR211W,0.0617318119764728,5.53954093373546,0.678010358321778,0.414813772706079,0.465088533339553
YNL249C,0.0331732771963655,4.51343889735663,0.677837697386382,0.41487272949336,0.465088533339553
YNR013C,0.0388072384989984,7.691797244348,0.675549472046948,0.415655262030679,0.465879953850927
YFL011W,0.101040177781667,1.45441125407637,0.674222210301866,0.416110183417912,0.466303953240883
YDL125C,0.0584631755692476,8.35078245017473,0.672294033858042,0.416772410738808,0.466960066165651
YKL128C,-0.0458930517336484,6.92598197463767,0.6680336305417,0.418241299847742,0.468519570981868
YDR108W,-0.0301669608539339,5.28715173959036,0.666432386583872,0.418795399682957,0.469053930990391
YOR326W,0.0420340085928856,8.10652018857031,0.664631052311476,0.419420070901228,0.469630458379425
YKL070W,-0.0529106839506617,3.84982566102493,0.664503061480831,0.41946450966182,0.469630458379425
YGR224W,0.0361257361348804,5.54587335309324,0.663685413116122,0.41974856809944,0.469862037690414
YJR102C,0.049178102661577,4.86733282628135,0.662579190504183,0.420133344949204,0.470206254187218
YDR270W,-0.0621446868126249,5.2364409895997,0.660143154276298,0.420982561976768,0.47107004222667
YPL080C,-0.148084893883351,0.789781081314545,0.658164870708137,0.421674125851118,0.471757134731395
snR42,-0.110050561127131,2.57887732179562,0.656255631082643,0.422343194765842,0.472418812527601
YMR225C,-0.05189248722216,5.62468472971789,0.655198052018891,0.422714506323076,0.472698315547279
YCL029C,0.0336631939639718,5.81697450998404,0.655101483185217,0.422748436024371,0.472698315547279
YBR015C,0.0218869341827317,7.78615662487832,0.6476921982546,0.425364154578391,0.475535712035552
YKL139W,-0.0412522760525539,5.28702044979242,0.646321011200106,0.425850940692629,0.47599246401812
YJR061W,0.0501459443692691,4.88979383960935,0.644713361480563,0.426422760819861,0.476544077059478
YFL066C,0.0665354262450766,4.35407636999062,0.642628176507111,0.4271661888061,0.47728723079051
YDR081C,-0.052226494632671,5.95855929431176,0.642016499440862,0.427384646273339,0.477443652023731
YMR165C,-0.0318857450875114,6.39740949467921,0.641260361662125,0.427654934232519,0.477657906535403
YOR251C,-0.0293958758583641,6.57137080039216,0.638804389350243,0.428534656013816,0.478552648530752
YGR142W,-0.0989402150050134,4.8474218626806,0.638499537772986,0.428644046887047,0.478586977120676
YOR269W,-0.0580441067760231,4.7290310987696,0.638003827541883,0.428822015868411,0.478697847470057
YDR125C,-0.055773541910178,3.62857152000055,0.636143724771929,0.429490840967193,0.479356523713384
YER019W,0.0616384810205833,7.4794042083301,0.635096690863047,0.429868022594012,0.479663670742747
YNL275W,0.0342734178069089,5.25988017864688,0.634942278226543,0.429923691081503,0.479663670742747
YIL164C,-0.0721483704811171,5.05426195455589,0.634211779769249,0.430187199289247,0.479869680600379
YJR067C,-0.0393346551124535,4.13616989565559,0.633562220913155,0.430421719723932,0.480043285285947
YNR004W,0.067335056073603,3.93291814107389,0.633071023253081,0.430599195398998,0.480153216786312
YNL243W,-0.0506556866562778,8.41311624364856,0.632593649112444,0.430771784590269,0.480257660174384
YOR266W,-0.0342506476928758,4.69265174850593,0.630902009857341,0.431384237260097,0.480852369248523
YDR240C,-0.0488779731275336,4.19232299762961,0.629644162134327,0.4318405086306,0.481272801285201
YKL192C,0.0582694247136682,7.53900102823562,0.629352259672507,0.431946499791399,0.481302774442532
YLR110C,-0.0675584354971911,13.3359219617597,0.627248842234201,0.432711450415375,0.482038096612843
YDR189W,-0.0274805335864494,6.80303913982552,0.626923867168735,0.432829820973172,0.482038096612843
YLR100W,-0.035079011584086,6.98202930832129,0.626884759826689,0.432844069004531,0.482038096612843
YMR214W,-0.0366481256154593,6.95869913027752,0.621455177630442,0.434829307180077,0.484107632191165
YKR047W,0.161678844752657,2.80518434712191,0.621367407257523,0.434861514799821,0.484107632191165
YER050C,0.0333126652386262,5.99912744393584,0.620605553330917,0.435141235092196,0.484330421718678
YDR540C,0.0763566069460975,2.72208824720398,0.619778410065559,0.435445243103946,0.484580158062822
YLR139C,0.0474899565587155,5.14252364733755,0.619516934073985,0.435541414509385,0.484598556827502
YIL062C,0.0608954743969575,7.8062987144113,0.618423447195884,0.435943958847637,0.484957767749154
YHR116W,0.0643559316690723,4.87140965828604,0.616420630597551,0.436682754626926,0.485690835661642
21S_rRNA,-0.296388791695269,3.29756744456765,0.615280037543043,0.437104365264235,0.486070917878814
snR86,0.0613293824644381,6.60756857902102,0.613138056706763,0.437897844620472,0.486864312902534
YFL013C,0.0370397750954112,5.48348642783687,0.610239134770476,0.438975306375552,0.487973098154043
YDR264C,-0.0287224465846971,7.60555534397385,0.609828552684096,0.439128244456157,0.488053948404696
YDR148C,-0.0341263879747421,7.22004870287126,0.60499879024911,0.440933553126155,0.489970904085583
YOR038C,-0.0370039232821319,5.49512544758683,0.598271904046116,0.443467414144283,0.492696588473245
YDL005C,0.0451938430064199,6.70348426433973,0.598032044847741,0.443558185063439,0.492707476471528
YLR206W,-0.0483857879601433,8.29188550685207,0.597714835989183,0.443678272574866,0.492750919623665
YFR022W,0.0255987334119802,5.48389342067209,0.592087025871774,0.445817355259451,0.49503624210835
YMR141W-A,0.0905809802025778,1.75503974677356,0.586285671324474,0.448039468512313,0.497412911128887
YDR283C,-0.0379940741630635,6.21886946530025,0.584887266314799,0.448577723163697,0.497919636164009
YIL023C,-0.0700143189220394,6.93213383261689,0.584669833629171,0.448661506266826,0.49792180660836
YDR141C,-0.0404826738384294,6.57321441034672,0.583456614364555,0.449129449954028,0.498350237594869
YDR174W,0.019584442193331,8.19116751597327,0.582965147852771,0.44931923068901,0.498469921375137
YBR193C,0.0347530299825109,5.35797805193851,0.582004484746955,0.449690559821178,0.498790932648901
YGR140W,0.0480644766594161,4.79613580515093,0.581707321332344,0.449805522177763,0.49882752003858
YOR382W,0.122363057987568,9.65610322034985,0.57935045495908,0.450718967045416,0.499669973172112
YDR524C-B,-0.0927396326803289,12.0616355083514,0.579323544247817,0.450729413761992,0.499669973172112
YHR218W-A,0.0625957690767593,3.37434792196773,0.579083919537375,0.450822452843731,0.499682081157396
YCL069W,0.0707121074936037,1.78552189604535,0.730855442011649,0.451765527596696,0.500636174726989
YHR138C,-0.0870777712809345,6.32324885636048,0.575323437454268,0.452286543067706,0.501122289615257
YCR003W,0.0345040453265076,5.09417614270535,0.571470000534988,0.453794692207445,0.502701748057946
YKL138C-A,0.0662860549055179,4.90495267208285,0.570152172786384,0.454312301718287,0.503183537669417
YOR301W,-0.0531731346047179,5.65412874783823,0.569793268128225,0.454453433752699,0.503248251935428
snR39,-0.113833337090952,0.953773396403817,0.566620093554379,0.455704275152735,0.504541578294103
YKR067W,0.0462774528947953,7.08380323279229,0.563800599962332,0.45682032731518,0.505685226798776
YOL015W,0.0614965723590951,4.09456574712541,0.560850891434188,0.457992620546311,0.506890704988051
YDL160C-A,0.0516953995115378,4.53052856103313,0.560490981043704,0.458135989100066,0.506929647756024
YOL096C,0.0347938117687534,5.74912253993907,0.560344341835053,0.458194422786874,0.506929647756024
YIR021W,0.0464001740982641,4.62810126527902,0.557975911151515,0.459139871244795,0.50788331512899
YNL210W,-0.103729379015111,2.19752985528134,0.548509194447666,0.462950445808651,0.512005354915602
YDR363W,-0.0407120098318804,5.15037645324406,0.547795522421259,0.463239785336138,0.512232254001526
RDN5-6,-0.287982643283066,2.34728424776884,0.546598478736124,0.463725753200791,0.512676454983069
YHR134W,0.0246110891056983,5.08196835154918,0.544068896636842,0.464755418752066,0.513669724541433
YDR115W,-0.0481477403495871,5.29202361889596,0.543976703058672,0.464793016158608,0.513669724541433
YDR169C,0.0264472597491863,6.68417519674039,0.539272362813919,0.466718070861007,0.515703552059057
YGL059W,-0.0520989733385413,5.38543210078558,0.53618515922462,0.467988443693704,0.51701337688384
YHR079C,0.0488202266531052,5.96588479112945,0.534479309665976,0.468692815675285,0.517697546448377
YGR122C-A,0.0897133935736538,1.56021870279035,0.533914334532332,0.468926484476954,0.517861643927816
YNR025C,0.0955787601273496,1.95338056169191,0.530366192967727,0.470398329715659,0.519392820961674
YDR308C,0.030953961177349,5.06242927100573,0.524203702203998,0.472972725890381,0.522140609042629
YPR108W,-0.0234624102084395,7.70987322163699,0.51961700373281,0.474903905481575,0.524177446917356
YDR276C,0.0482541255667097,8.92462750752239,0.518201622812057,0.475502462469015,0.524742924215444
YEL037C,0.0314893266907002,8.23109232406685,0.517631037494027,0.475744112345215,0.524914401381801
YPR189W,-0.0371102006186069,6.10875506188435,0.512371623510168,0.477981138175198,0.527287024255997
YNL005C,-0.0333738514624079,6.42378006021669,0.510734752107417,0.478680919367206,0.527963276119167
YBR091C,0.0493881040090326,4.41222184526883,0.509355279079399,0.479271981559026,0.528519392494867
YPR129W,-0.0283399283444287,6.47547675622519,0.507343253861529,0.480136250847316,0.529376533141134
YML028W,-0.0589744467846956,11.3754141497484,0.503197986689088,0.48192506145665,0.531252536044152
YDL074C,0.0570474154685476,6.71456685021132,0.502368078598239,0.482284528121925,0.531552500203209
YER166W,0.0243890862510796,7.57926751851028,0.501050629936603,0.48285608890885,0.532014263654662
YLR342W-A,0.217689007101559,3.11729906612495,0.500999363848345,0.482878353026245,0.532014263654662
YDR250C,-0.107830334603405,0.628229071711517,0.499508133925666,0.483526724651759,0.532632172249448
YPL130W,0.175631782022956,2.11283244965166,0.497739886566071,0.484297431159738,0.533300609789112
YEL047C,-0.0290335571182335,7.62588644509482,0.497661125229623,0.484331807864424,0.533300609789112
YOR048C,-0.0409699298931226,7.09271409989213,0.497513020249146,0.484396461841319,0.533300609789112
YBR214W,-0.0530563363908168,8.35127229113468,0.497142418623882,0.48455830825806,0.533382291199402
YBR058C,0.0222309233798279,6.42669434247725,0.494230466466135,0.485833157982297,0.534688870740148
YER155C,0.0350723472631615,7.55876511292491,0.493256210970787,0.486260944178324,0.534974539183407
YIL161W,0.0611980588607568,4.56096004170571,0.493238883736776,0.48626855813039,0.534974539183407
YKL020C,0.022675712115158,6.6114563010043,0.49072184028178,0.487376734977452,0.536027196098551
YOR078W,-0.0519207677360519,5.55957287730432,0.490665570814046,0.487401557274163,0.536027196098551
YFL031C-A,0.110572130053363,3.68562600437771,0.489711762823881,0.487822637402616,0.536393340909816
YGL187C,0.045088539690712,6.11505847140842,0.48328891678226,0.490674213450406,0.539431362031747
YNL081C,-0.0329426424017878,6.30563470700755,0.474693253317805,0.494534926367363,0.543496698085887
YER087C-A,0.0921395539758203,1.15908342405925,0.474658292991587,0.494550734149804,0.543496698085887
YMR118C,0.0481753706385175,3.09585340637216,0.471509489090201,0.495978053773228,0.544966857567731
YHL022C,-0.0742467028010648,1.69125501640204,0.469368599858954,0.496952522861979,0.545938996500296
YDL104C,0.0339568352282803,4.10370723994491,0.467180854568063,0.497951711937892,0.546937936307234
YGR092W,-0.0348517581705855,6.08609551332477,0.466231874017239,0.498386203283268,0.547172187362194
YBL045C,0.0363256969837778,7.7855917837642,0.466225611814466,0.498389072598029,0.547172187362194
YER158C,0.0415419708126192,5.54554642436612,0.466125937327477,0.498434746844477,0.547172187362194
YHR038W,-0.0644764872330772,4.27158122134372,0.46582340525163,0.498573421378951,0.547225697887972
YER185W,0.0773579603997426,2.39771277968751,0.462818008558327,0.499954643662699,0.548642742414342
YPR087W,0.119935339460609,1.63547692487401,0.462069662263954,0.500299593352494,0.548922290939402
YCR073C,0.0337412049569327,6.69008495140782,0.45941181872596,0.501528046861052,0.550170932963674
YDL170W,-0.0546748827959448,5.37716068328424,0.455708150407281,0.503248590044536,0.551958844704578
YCR048W,-0.0591800320709952,6.86965064473768,0.45515979053297,0.503504199368885,0.552118970051679
YKL091C,-0.0418378783532398,6.37310404788985,0.455005728985729,0.503576053210652,0.552118970051679
YGR212W,-0.0435279937148622,3.98537047441371,0.451514620023641,0.505209076577532,0.553809625468254
YOR129C,-0.0371337786497565,4.45006690926717,0.451008339249058,0.505446661279077,0.553970269071178
YIL155C,-0.05561848569926,7.82420111952303,0.443932759342315,0.508787528642223,0.557531444586336
YOL028C,-0.0334891804883656,5.31319408109069,0.442164283537088,0.50962857710098,0.558352519204081
YER161C,0.0219445818318496,6.72060308179541,0.440474457784733,0.510434499538046,0.559134820826104
YKR016W,0.0286909188526693,6.51549761274976,0.439939889366892,0.510689914850473,0.559258455087273
YHR145C,-0.140817684998027,0.722621551921109,0.439853566404773,0.51073118075924,0.559258455087273
YJL066C,0.0541442905316849,5.03420363088635,0.43955565332396,0.510873640375999,0.559313800231729
YPL014W,0.0430832913683669,5.92398584688938,0.438503832910113,0.511377170973026,0.559764361462649
YLR265C,-0.0679787524281683,4.31461010163937,0.438115857684945,0.511563123837962,0.559867195783093
YDR045C,-0.0372276505507172,5.35690785602741,0.437747585207423,0.511739743367213,0.55995978032539
YOR076C,0.0331083639068132,5.14093182529786,0.435689243346434,0.512728880921761,0.560941251421956
YNL287W,-0.0259005742492241,8.02357499458648,0.431858302024513,0.514578841828259,0.562863967737724
YML088W,-0.0247063459591571,7.02207458428953,0.43021398232652,0.515376504324638,0.563635159743965
YDL196W,0.100807363186048,1.00257541247544,0.429654370400485,0.515648472396335,0.563831258675957
YML086C,0.0227252499381069,7.39938491655252,0.428317550407129,0.516299189304578,0.564441352302974
YKL101W,0.0398388246050497,7.24094667074747,0.427704249387262,0.51659821006863,0.564666805868083
YER177W,-0.0348252251082416,10.2585047329981,0.424152970502101,0.518335734069364,0.566415509403587
YKL183W,-0.0448761712895222,6.48294039282686,0.424054177328783,0.518384218877334,0.566415509403587
YDL094C,0.136196186822061,1.3819191560506,0.423834368458982,0.518492123634474,0.566431700595292
YLR086W,0.0361791577777687,6.10618548477717,0.422205879284294,0.519292801333559,0.567204576577761
YLR268W,0.0208663576847044,6.64627645676366,0.415674620084453,0.522526325829175,0.570634008016965
YNL307C,0.0322299173277753,7.11857832015317,0.41425847163072,0.523232200749553,0.571302340132968
YHR050W-A,-0.090017117661806,2.2901123047352,0.409571693076896,0.525580588489037,0.573763523673447
YGL113W,0.0398888585144147,4.80672922152741,0.406814947678394,0.526970798943866,0.575177993107341
YNR034W,0.0366241744076742,5.8269217763201,0.40557183118869,0.527599873022822,0.575761339193665
YOR079C,-0.030041068805064,6.38669671328971,0.402028627285818,0.529400390176679,0.577622624031754
YNL257C,0.0360980292820935,5.91447724785905,0.401630088491302,0.52960361027191,0.577740761653742
YGR075C,0.0334264117062926,4.62071835930295,0.400777192062833,0.530038990349016,0.578112073180456
YAL026C,-0.0269065289969616,6.68282888345705,0.398343596931094,0.53128486439898,0.579280473631179
YCR100C,-0.0432342537046037,3.36524426486434,0.398312871554865,0.531300628321382,0.579280473631179
YJR135W-A,0.0331085771320196,5.43659881112823,0.396721435251817,0.532118297829202,0.580068047705248
YGL172W,-0.018808695995426,6.94230624926484,0.394426723833624,0.533301363235636,0.581251128191287
YGL188C-A,0.111262203510947,0.861684997578818,0.394246224440266,0.53339462610027,0.581251128191287
YKL011C,0.0484691657226201,4.24472214028379,0.39352319478928,0.533768510677371,0.581554411364691
YJL151C,0.0666705648900051,7.65323963232278,0.392881829262402,0.534100568464138,0.581812022754078
YKR066C,0.0416770708772908,8.14151545719251,0.39176059392036,0.534681983459563,0.582341125711731
YFL051C,-0.0482910032831814,3.40815913463171,0.390485544650858,0.53534457282001,0.582908778072136
YLR278C,-0.029920739854715,6.99732381322631,0.390306944136666,0.535437504535237,0.582908778072136
YNL053W,-0.038752139876064,5.74148712277628,0.390205001500782,0.535490561943014,0.582908778072136
YMR075W,0.0653198243564244,4.95671857348466,0.386545694882787,0.537401530863046,0.584884334698915
YNL027W,-0.0305936148792857,6.50530852711574,0.38530801829454,0.538050722791732,0.585426923211034
YOR275C,0.0297684848170957,6.15264521360889,0.385228490421386,0.538092486691752,0.585426923211034
YOR047C,0.0507746844993627,6.39280605095915,0.384638795990273,0.538402350685098,0.585659332127069
YBR276C,0.0206892586790356,6.96901213010874,0.382955602091485,0.539288630475298,0.586518555217549
YNL044W,0.0527754450408926,4.78286517339776,0.379355219350831,0.541193513390957,0.588485083807
YLR148W,0.0472545917886769,5.25635751329256,0.377858835805141,0.541988901731409,0.589244678762841
YLR228C,0.0181063935344568,7.05031577920255,0.377631504703076,0.542109927984936,0.589270973881446
YLR398C,0.0270387761729038,6.7048449856612,0.376871449333195,0.542514931466799,0.589605886403906
YLR319C,0.0400758275667137,5.67812764522831,0.375854962502749,0.543057460380854,0.590090115431696
YBL104C,0.0248731434729057,5.61198923711272,0.375196883344324,0.543409237219,0.590366935989576
YJR121W,0.0248347518402457,9.28606932554692,0.374469987230551,0.543798295621856,0.590684153669939
YLR142W,0.0570817805498288,4.41282954645227,0.37156606022007,0.545357788175043,0.592272379269166
YMR285C,0.0377635665224578,5.86437696066675,0.370318664513493,0.54603025353994,0.592833639621298
YDR179C,0.0725087265964191,2.33085549607594,0.370246061869065,0.546069441261689,0.592833639621298
YJL202C,0.0756887659164604,1.44262589560199,0.369532807829157,0.546454705761901,0.593146072879267
YDL064W,-0.0349515664560138,5.78269331142129,0.366275796191266,0.548220504668971,0.594956620458479
YCR091W,0.0405044417190567,6.05986143199115,0.365223732693165,0.548793185618102,0.595471921270711
YML048W,-0.0200091279842598,8.43006755084401,0.362747346670406,0.550145658174341,0.596833005881774
YGR091W,-0.0314259978627743,4.65978164410638,0.359397440625595,0.551985287135381,0.598722009308163
YHR023W,-0.0749766500402547,5.76602507856786,0.359191257578175,0.552098896152877,0.598738510620256
YPL098C,-0.0393254445148797,6.18958329596457,0.358112676291492,0.552693931850348,0.599277009142796
YNL051W,-0.0400787221979433,5.06309854518379,0.35743694320457,0.553067345550048,0.599575057486557
YLR163C,0.0181326734679288,6.09295859026254,0.356870037370022,0.55338099195767,0.599808218037481
YNL109W,-0.0809350246264913,0.920187841725347,0.356102201447218,0.553806346483347,0.600162354114188
YGL142C,0.0243923432801373,5.54201723943384,0.35434667375294,0.554781198276863,0.601111750625839
YJR098C,0.0328757874801477,4.40263817183376,0.352927551853555,0.555571645319484,0.601861040015856
YDR106W,-0.0650314778276946,2.05853424040073,0.350004395661921,0.557206660503877,0.60352483609222
YPR062W,0.0415045454095934,8.524569483845,0.349360693721983,0.55756794653761,0.603808676754112
YER051W,0.0274109587602089,4.85140700297525,0.348964568943216,0.557790500851945,0.603942205993609
YHR115C,0.0186438961573377,6.0091543063533,0.347766044190241,0.558464909865081,0.604564841937204
YGL025C,0.0386839322888183,5.99882999223554,0.344194426655495,0.560484022084336,0.606642702665098
YLR178C,-0.0812019359313848,7.38134414447444,0.34401336621007,0.560586755492856,0.606645990961058
YHR043C,-0.0323858544344655,6.99678117902639,0.343771717106071,0.560723923652562,0.606686535459786
YDR487C,0.0427294257937626,8.23832371925773,0.342582806607755,0.561399737804902,0.607309760807614
YPL202C,-0.0263946997292211,5.27272699790447,0.341920897908704,0.561776672757391,0.607609501196004
YNL192W,0.0440439608174997,8.72079290711661,0.340485219000705,0.562595936110654,0.608387466009122
YJL222W,0.0207310989455023,6.00962688663362,0.337001962869802,0.564593341631151,0.610438963010937
YEL056W,0.0164432623724246,6.56443021760165,0.336669184109419,0.56478489149378,0.610537584782315
YNL258C,0.0302585965433375,6.15212868647408,0.334754168660995,0.565889663368229,0.611623197441505
YOR242C,-0.117931967409792,1.74992650670849,0.332857976512165,0.566987755850751,0.612701206597731
YBL021C,0.0461520758604405,5.45014150886943,0.331605112968082,0.567715592439707,0.613378796163994
YDR205W,0.0192667089722768,5.67742008968631,0.330429493627516,0.568400228271141,0.614009477903407
YJL152W,0.0598803340561224,2.69399510341118,0.330038862750192,0.568628076835669,0.614146582808848
YJR088C,-0.0298529527228283,5.38435066967666,0.328933068750512,0.569274045808874,0.614735149733274
YOR137C,0.0273857455841719,5.8681318934185,0.328742306005062,0.569385629680132,0.614746550142584
YGR078C,0.0228625311941324,5.68397537650805,0.326614721245389,0.570633064517139,0.615984069112434
YPL260W,-0.0192244673222404,7.12242353249934,0.325930478711707,0.571035396103281,0.616309043151554
YPL253C,-0.050931047342832,3.80404259149712,0.324155084969377,0.572081947172813,0.617329074046208
YGR252W,0.0266015931885011,5.95678030918689,0.323001517372036,0.572763990602761,0.617955475676915
YNR059W,0.0364505574300047,5.81714211502945,0.319268192369642,0.574982451200368,0.620239002934629
YHR214W,-0.0531116161525024,3.08604809940418,0.31896210697113,0.575165097850687,0.620326058210108
YDR140W,0.0251661696728571,4.92595812381887,0.318008806816445,0.575734693538477,0.620830340276738
YHR021W-A,-0.0979143791968249,0.588050711402331,0.317611455032732,0.57597244432204,0.620976669684553
YEL074W,0.0764997176732022,1.51478399048144,0.315597484884543,0.577180513369379,0.622168897050961
YLR396C,-0.0204207831894955,5.2575690635019,0.314623558175922,0.577766545024975,0.622690298702971
YGL102C,-0.0867873611918355,2.83334444437729,0.312989028222216,0.578752770686184,0.623642750066483
snR51,0.12079293380342,1.53149415213432,0.312521028960783,0.579035772182178,0.623837229767803
YPL233W,0.0353874814074837,4.99155677873153,0.311664783723972,0.579554271372588,0.624175411099795
YPL111W,0.0464377311950185,7.23226128293734,0.311663880438571,0.579554818851905,0.624175411099795
YBR066C,-0.0570204597642486,5.23779041054588,0.307453311659548,0.582118259470904,0.626825271435224
RUF21,0.187839351374029,1.88897806340155,0.304168714465545,0.584134002119565,0.628884536959935
YOL012C,-0.0188646049316219,6.81730852407245,0.301744204370772,0.585631072989271,0.630384765458997
YIR011C,0.018556239586583,6.66877828098348,0.30148240608906,0.585793196242831,0.630447753650094
YER133W-A,0.0556723867628995,2.41264250721048,0.296528942965444,0.588878180535078,0.633655831751716
YDR235W,-0.0533223567012847,4.99495764442845,0.29549220812059,0.589528092226706,0.634243005869785
YJR034W,0.0398555274668416,4.96229313072534,0.293046054865048,0.591067440286904,0.635786702164718
YLR373C,-0.0242905527920727,5.94912071802576,0.288633689887862,0.593865322788122,0.638683366766653
YAL016W,0.0122745132439407,7.59807113489476,0.288137632066957,0.594181600338419,0.638910591634437
YOL147C,0.0368517425411068,5.64744837573496,0.286058504947713,0.595511055889282,0.640226992064714
YCL012C,0.0246086129962369,4.25649113329454,0.285634573880042,0.595782895098295,0.640331006672148
YOR113W,0.0302543792787564,5.82239467748685,0.285574343561692,0.595821537969527,0.640331006672148
YJL118W,-0.0525301692993996,4.11013396152191,0.285415462531577,0.595923498896364,0.640331006672148
YGL109W,-0.052581810073949,1.66661216842292,0.284344611823536,0.596611667375165,0.640957273301179
YLR131C,0.0294749875634382,6.1184485876459,0.281283153439525,0.598588330408482,0.642967341665598
YMR182W-A,-0.0852370708576495,0.448483544155817,0.280600097933952,0.599031238940844,0.643329525053836
YHR009C,0.0183656400565122,7.49760528397791,0.279640070834345,0.599654914780077,0.643785392098509
YBL111C,-0.0424808480689743,4.45360387013713,0.279621006906815,0.599667313461684,0.643785392098509
YDR390C,-0.0202556916762308,6.59484623529156,0.276952285154167,0.601408361448812,0.64554063845758
YGR025W,-0.114935578773674,1.9418953069346,0.275629560574257,0.602275281809405,0.646357158696689
YFR032C-B,0.078309052842444,1.04243884014508,0.275077159561271,0.602638116702955,0.646632505755154
YCR030C,-0.0219456467783466,7.06099499352523,0.272681523812995,0.604217063700631,0.648212417598438
YLR266C,-0.0234860722044063,5.70467295786874,0.272436893827023,0.604378795677096,0.648271632592125
YHR135C,0.0208417993368682,8.13218438957134,0.272188074660857,0.60454339239237,0.648333898961504
YDR468C,0.0171453618159649,6.13815544191106,0.270699485473183,0.605530122346295,0.64927767303563
YNR001C,0.0316052869142218,8.71306971857152,0.269795090615247,0.606131302578581,0.649807782979328
YNL083W,0.0181384175684606,5.4140621852627,0.269355581989946,0.60642392179106,0.650006969191227
YJR013W,0.0174447950551865,5.52859680250206,0.268977234503349,0.606676064387743,0.650162707255974
YDL116W,-0.0278142427989235,6.11164625961149,0.2672710804892,0.607815912104971,0.651224045161601
YNL086W,0.0538937569149633,3.82645777043051,0.267174675613465,0.607880456288889,0.651224045161601
YDR534C,-0.0404968930948624,6.79213203531045,0.266794016070221,0.608135457040944,0.651382548159504
YKL052C,0.0336282384572886,5.74106608003562,0.264990893628166,0.609346505964886,0.652564851952892
YPL010W,0.0207842806429937,6.76927765570728,0.264554675028071,0.609640273322001,0.652764572085937
YBR051W,0.0784237104859589,0.640939148006285,0.261289065708901,0.611849285593867,0.654915920948428
YNR065C,-0.0203984764729304,6.10381989319436,0.261266293344752,0.611864751124374,0.654915920948428
YMR299C,0.0266758944670356,4.88575026603607,0.260349382058452,0.61248816838793,0.65546790443907
YBL103C,-0.01750516317953,5.97810629108837,0.259349459430504,0.613169610641542,0.656081779629644
YPR176C,-0.0195735723886801,5.98820410550539,0.258926046914474,0.613458664565182,0.65627566348086
YBL112C,-0.0512027834758533,2.45018756309979,0.256240883225512,0.615298747144467,0.658128471853416
YBL059C-A,0.0300120449623842,4.51875884176268,0.254118695989535,0.61676165298587,0.659577268614942
YJL062W-A,-0.0521680134360545,6.51659128984605,0.252987134625777,0.617544826834571,0.660298764942605
snR84,-0.0472654324667797,3.6211774026182,0.251602324704965,0.61850628090229,0.661210597204925
YGR052W,-0.0296415440193322,4.65610768244409,0.251300784751683,0.618716076300659,0.661221610711392
YOR334W,-0.0376757578189615,4.05151773990782,0.251275160623323,0.61873391148573,0.661221610711392
YOR196C,0.0153747740945272,6.38575205365048,0.250912094252462,0.618986739686767,0.661375647233359
YOR246C,-0.0227936107405294,7.55139873097249,0.250569417167391,0.61922558013769,0.661459383736069
YDL184C,-0.0344083309818382,9.49798328564493,0.250487771802695,0.619282515882397,0.661459383736069
YDL040C,-0.0313055810931991,7.41033962659238,0.250006436175959,0.619618414210882,0.661702009560059
YFR056C,-0.0988458876103168,0.577804744495059,0.249096787412066,0.620254318429611,0.662264875880713
YMR119W-A,-0.0749654518813324,2.1759415750011,0.248842788738716,0.620432140073497,0.662338521464426
YGL166W,0.0605344414491719,4.68550943910447,0.247459615292256,0.62140248530126,0.663258046493276
YAR030C,-0.0679582936740393,1.79488521197422,0.241735289444183,0.625454767280224,0.667466197632438
YLR084C,0.0227357159659954,5.80534659958007,0.239532656529671,0.627029958104016,0.668923377739281
YBL026W,0.031928430316372,5.68662177193023,0.239518529645597,0.62704008983153,0.668923377739281
YGR221C,0.0288407982117667,5.32733269535101,0.23911126335791,0.627332338997528,0.669117840981587
YDR434W,0.0139292596396531,6.60594961263573,0.238605152994618,0.627695948955425,0.66938833673217
YOR032W-A,0.0698274178418892,0.960548146250891,0.237985345109353,0.628141897202832,0.669746529609117
YPL178W,0.017759451453391,7.18580025250091,0.237039169213565,0.628824058519857,0.670356411368839
YLR251W,-0.0298941841381554,4.87617649196194,0.23463705472838,0.630563525891907,0.672093020678272
YOL149W,-0.0259904876775456,5.79700128782474,0.233827851842524,0.631151985730349,0.672602422621572
YER176W,0.0146590052761524,6.74355480914075,0.23299432336578,0.631759454798236,0.673131900270927
YKL195W,-0.0172434137753915,8.18995251677453,0.231479438128074,0.632866941654011,0.67419386203863
YOR089C,-0.0138845747806422,7.47125818039687,0.23096066190567,0.633247232510175,0.67448090492288
YOR372C,0.0232908450641175,5.3375685343139,0.229028214053356,0.634668479639403,0.675876391075563
YKL072W,-0.0268366127893442,5.20347896193523,0.226491569565552,0.636545358273741,0.677756518826897
YIL152W,-0.0293508444086384,5.32379186030919,0.221606862397856,0.640196324263815,0.681524603419405
YHR099W,-0.0223318839824972,6.80321044693302,0.220249686528208,0.6412194626628,0.682494390467577
YBR004C,-0.039992146364264,5.94310002567807,0.218495284116492,0.642547793898702,0.683788619425253
YDR411C,0.0217150599764643,6.54750276506262,0.214837623090887,0.645338265377828,0.686638108904369
YOR236W,0.0214088879558904,5.04092049002271,0.210132464363394,0.648970783273711,0.690382380458135
YIL028W,0.0443504800622275,3.70530352054846,0.209523212093334,0.649444744933443,0.69076582291907
YGR003W,-0.0251886525740794,4.20947315555902,0.208676715753865,0.650104658087421,0.691346879493527
YDL215C,-0.0244738671257283,7.05638849072741,0.208421844730468,0.650303668742198,0.691437676794736
YJR033C,0.0176647364582133,5.99194023299333,0.20690217668127,0.65149334127063,0.692581583094302
YBR027C,0.0695710535181012,1.27164463749874,0.20595264312922,0.652239371387815,0.693253550199975
YER057C,0.0297342976225368,7.79762462060727,0.202809089696835,0.654724142550325,0.695773036573302
YML117W,-0.0155297540771028,8.01640038747358,0.19998953403493,0.656972659077524,0.698040619955777
YDR279W,0.0285260597568287,4.97032948806698,0.19399931989805,0.661813773557264,0.702968677095327
YJL089W,0.0799667869419806,0.827897974785122,0.193964918895671,0.661841832552034,0.702968677095327
YFL002C,-0.0373566349072418,5.92316084299611,0.190040088933652,0.665062854187311,0.706266573774832
YIR006C,-0.024274580859334,8.46008530978438,0.189586525057975,0.665437636642757,0.706541270104899
YPL077C,0.0257747428701922,4.10633742344281,0.18604765280104,0.668380353469338,0.709513269454842
YDL220C,0.0240927479578547,4.67584596125041,0.185940541698957,0.668469938173313,0.709513269454842
YDR310C,-0.0165710338045496,6.79191542690655,0.185421860893239,0.668904182851014,0.709850357978448
YOR271C,0.0282104452815516,8.1730789888722,0.184141196054577,0.669979469295279,0.710867492704755
YBR126W-B,0.0403964926582488,3.23916748845385,0.183837615365052,0.670235015980323,0.710951393637942
YKL079W,-0.0202226861223871,6.23557412598305,0.183769702299867,0.670292217798007,0.710951393637942
YJL053W,-0.0173605548721437,6.26536516756852,0.18336786415725,0.67063093507896,0.711186692219497
YLR371W,-0.0140155465912134,6.81073593370134,0.183054819700028,0.670895111776884,0.711342874222398
YBL064C,0.0290530511555633,6.98893629944185,0.182876283825046,0.671045897370335,0.711378795383012
YOL078W,-0.0255551423154666,4.99564573593199,0.181562159699415,0.672158459388402,0.712434109977081
YDL141W,-0.0146654762840442,5.93802242538655,0.179174842104307,0.674191875101338,0.714464918145532
YJL001W,0.0285021818892894,8.11688262519198,0.175189320694783,0.677622567029817,0.717975504157485
YOR061W,0.00995306360202696,7.64050285028401,0.174851499681686,0.677915467064888,0.718160796847118
YPR028W,-0.0198449703338639,8.4199872996709,0.173603559946544,0.679000364110375,0.719184893927177
YDL077C,0.0180177207365734,5.60910739877418,0.171406217092585,0.680921832958551,0.721094562052347
YJL057C,0.018760944128052,5.69567486481267,0.171197157852247,0.681105397414904,0.721115584325044
YDR082W,0.0221920298586327,4.35798846162681,0.171113718344383,0.681178698225202,0.721115584325044
YLL005C,0.0430661330214525,4.58372606829863,0.170077360889248,0.682090882555384,0.7219184391294
YBR279W,-0.0150096398051193,6.80544434763939,0.16998269610529,0.682174367295653,0.7219184391294
YER023W,-0.0322160560407639,8.19915048411909,0.16952019640715,0.682582637741233,0.722224891437211
YMR202W,0.0307261871047856,9.06467664436135,0.16880662432873,0.683213824917424,0.722767059218103
YDR285W,-0.0390530231477482,4.43038953669036,0.168063306684974,0.683872988339327,0.723338629244707
YJL196C,-0.017106471264282,8.21484446137506,0.167811199109116,0.684096941426513,0.723449754706349
YOL001W,-0.021316554289779,4.87869110362756,0.166892560604066,0.684914660285441,0.724188654706674
YMR231W,-0.0215755374484339,5.7424937580687,0.165005974118824,0.686602284218024,0.725846924855225
YNR021W,-0.0246602477267355,7.52555064267124,0.164279338806319,0.687255293690528,0.726411058208592
YGR295C,0.0257396257133233,6.89906107885475,0.163981295309041,0.687523625753651,0.726568472162377
YDR466W,-0.0160215760676071,6.32165238722033,0.163833715007106,0.687656599400465,0.726582810792122
YDL128W,-0.0127690772177246,7.42309992054915,0.163275606982336,0.688160101953429,0.726988579928232
YPR037C,0.0408132902317564,6.54752698973378,0.162708098266906,0.688673115752834,0.727404254357923
YJL091C,0.0238925945537964,5.06941633905875,0.161424294135317,0.689837503642972,0.728507672625387
YMR230W-A,-0.0748092638728629,1.55927523305419,0.160411834175696,0.690759595931074,0.729354874412734
YIL073C,0.0243325815465225,4.60520522473728,0.160117807759454,0.691028013067596,0.729511703594087
YIL063C,-0.0142568568371132,6.45968960712809,0.159486675066442,0.69160514462393,0.72999432871407
YCL004W,-0.020409250320724,4.68423917008625,0.159165401971998,0.691899438888345,0.730178301358929
YKL218C,-0.0530630702355582,5.9241579893247,0.157156566044632,0.693747455660536,0.732001607021738
YML062C,0.0132594417423894,6.12440712094114,0.15648777335971,0.694365746950552,0.732526971254179
YPL023C,-0.0174679647397729,7.13589562871461,0.155498271462475,0.695283346699933,0.73336785659024
YMR262W,-0.0271707506286518,6.40612794048793,0.154884463031967,0.695854253768276,0.733842830880409
YJL024C,0.0147265134196234,5.08955948190717,0.153609557223464,0.697044250991165,0.734970415401358
YDL036C,0.0255365276435502,4.82149458147501,0.153292517517475,0.697341062153857,0.735155988081466
YKL064W,0.015268415620269,7.9881070062449,0.151845164309531,0.698700595019932,0.736461652640964
YML005W,-0.0225393422190039,4.63603251383465,0.151700710489887,0.698836693991603,0.736477534281071
YJR092W,-0.0238072134200028,6.2277582942497,0.150024563333977,0.70042139627224,0.738019774253953
YGR216C,0.0224307907839772,5.48491843083697,0.146405080359876,0.703878564479834,0.741366311066192
YLL015W,0.0135201804139804,7.40463144842696,0.146320158960403,0.703960264661455,0.741366311066192
YLR064W,0.024450996923922,5.73266738973984,0.146317369150668,0.703962949111004,0.741366311066192
YPR191W,0.0257185813912606,7.19830996225824,0.145776175071181,0.704484261642874,0.741786941010017
YBL071W-A,-0.0374995798000244,3.52140875786277,0.144273366667584,0.705937715851335,0.743188754490549
YOR165W,-0.0100406244048882,7.054668728205,0.140497066145251,0.709628735886239,0.746945313590687
YCR009C,0.0184517200108551,7.4630753491927,0.140266372502192,0.709856049716161,0.747055354984925
YDL240W,0.0282284713873988,5.61484095202274,0.139828106711953,0.710288483872913,0.747327509588526
YLR460C,-0.0229354075394072,3.49273622976593,0.139724358524162,0.710390964891075,0.747327509588526
YPR196W,-0.0214797778888806,3.86092685292112,0.139631125136831,0.710483096626068,0.747327509588526
YGR240C-A,-0.0410159899385297,2.34706067573246,0.139389770176611,0.71072176305851,0.747399619729361
YHR103W,0.0191202309143184,6.61497771971446,0.139313427209568,0.71079730474508,0.747399619729361
YCL047C,0.0167015940261031,4.60052938558419,0.139155699091042,0.710953452286255,0.747434650511725
YML014W,-0.0252165575350697,6.10627591450433,0.138265389856226,0.711836740328168,0.748233989444965
YEL014C,0.0409764800023051,2.11127035238522,0.137292381600894,0.712805794102523,0.749123187757142
YLR154W-F,0.0782416283602567,2.16472236303025,0.136285647638484,0.713812566044642,0.750051712032749
YLR173W,-0.0241775573860174,5.97185736156728,0.135567856907611,0.714532973107438,0.750679064461112
YCR028C-A,0.0112816480836999,7.1847941082844,0.134084723560389,0.716028418747291,0.752120305209264
YLR076C,-0.0783942040614302,4.85704857196134,0.133934846870987,0.716180061839663,0.752147548381454
YDL212W,0.00970643182406256,7.71677791752503,0.133814824548785,0.716301568261385,0.752147548381454
YLR125W,0.0380271102508461,2.64244692436777,0.132651254790703,0.717482749184868,0.753257855208751
YAL027W,0.0144659974691508,4.84633149957838,0.132151056113917,0.71799232635915,0.753662809366125
YDR433W,0.0753273013203514,1.20141721668877,0.131209461708704,0.7189545523552,0.754542678696342
YJR056C,-0.0275971659853772,4.6383387550266,0.130007544690475,0.720188509915593,0.755707377623104
YGL086W,-0.0276741969692238,6.06775167070091,0.128774939847159,0.721460701845354,0.756911788056721
YPR158W,0.0272717655008386,4.44147444735259,0.128281360436434,0.721972064710677,0.75731770621694
YLR222C-A,-0.0727236653881947,1.24026541417767,0.127748670974782,0.722525196530855,0.757767290742891
YLR202C,0.0504623928514263,1.79278059141826,0.123435761634179,0.727052378182612,0.762383891304704
YDL189W,0.0132514434001654,7.03514732104115,0.122366395211574,0.728188611547263,0.763443780369589
YKL210W,0.0149935857677763,8.58019616127013,0.122131763370887,0.728438661274342,0.763574376202304
YHL024W,-0.0177531370829965,5.08809972268802,0.12166371376519,0.728938274933736,0.763966483460521
YMR161W,0.0149364785475372,5.81599926361945,0.118983222168482,0.731820550105061,0.766855182949767
YDL078C,0.015423615944691,7.98567431111731,0.117741492292371,0.733168101475507,0.768134968574115
YML021C,0.0122382406126668,5.42944834040155,0.116532657964024,0.734487621706212,0.769384950608074
YGR062C,0.0168291151552513,5.12999678501735,0.116409901748183,0.734622045611589,0.769393312830726
YKL159C,0.0263888463737115,5.13358593671465,0.113988518261951,0.737289946138364,0.772054607167776
YOR030W,0.0182156391037787,5.20268149361214,0.113014142820466,0.738372445144427,0.773055115055719
YHL030W,0.0142875635327604,7.05733768913568,0.111852815180184,0.739669462309938,0.774203851795608
YIL008W,0.0163819749478688,5.73305418486267,0.111804033473084,0.739724107533223,0.774203851795608
YPR031W,-0.0304739417822031,4.42090359706059,0.111234990124108,0.740362532812681,0.774738781111808
YOL159C-A,-0.0251722675184288,2.95984006622945,0.109170419230232,0.742694220729474,0.777045105422773
YDR151C,0.0149083406588836,6.33137170649886,0.107404701453939,0.744707907689263,0.779017984921637
YGL194C,-0.0264364567085131,4.33586264915106,0.106224708222581,0.746063872080634,0.780302279410563
YDR448W,0.0296773299434716,4.97815774893947,0.10536875777741,0.747052701974252,0.78120221541731
YBR272C,-0.0124306731486546,5.07387154586221,0.103802233633464,0.748874000970574,0.782972215791399
YNL056W,-0.015581429517855,6.57079299730909,0.102208359325091,0.750742765833196,0.784791226609688
YMR263W,-0.013997387119435,5.90544895894462,0.101792669901727,0.751232790158131,0.785168589507425
YIL108W,-0.0129475959039717,6.73070943729397,0.100932165711452,0.752250693661926,0.786097453363012
YKL213C,0.010844728957089,7.29819156789906,0.100685905148886,0.752542879354367,0.786267757704554
YNL165W,-0.0167814486555622,5.17248506585685,0.100515444721245,0.752745359795369,0.78634429430984
YKR050W,0.0174007946364614,6.42153608222748,0.0984592602538654,0.755202845827462,0.788776058506712
YJR160C,0.0180136507799482,4.08454585128593,0.097669075917947,0.756154756934692,0.789634751321023
YGL018C,0.0221408890933898,4.73953101349649,0.0972731457385743,0.756633314926106,0.789998922670789
YHL008C,-0.0139869846231234,6.10202941497223,0.0971274530328027,0.756809682102377,0.790047506535077
YDR168W,-0.0195077097590115,6.65620157781098,0.0963358466450156,0.75777050552774,0.790914841532813
YDL161W,0.0196157778435284,7.53662389140296,0.0956045208006653,0.758662023359788,0.7917095544751
YDR223W,0.0164642618257452,4.39321189938286,0.0953200311011853,0.759009839571658,0.791936706754722
YLR382C,-0.0124694332635016,6.05592040640202,0.0951575857069261,0.759208700310792,0.792008390432225
YDR228C,-0.0180102101703698,5.91813150137784,0.0934657106418715,0.76129100569861,0.794044526855681
YDR255C,0.0167149758465723,5.37380953932677,0.0924684154940487,0.762528129220771,0.795198571775217
YPR145C-A,0.0491621785275226,2.02033516525705,0.0919687247768498,0.763150731514816,0.795711480683286
YDL195W,0.0137261571984599,8.58131271064745,0.0917139585276524,0.763468876246718,0.795906820620401
YDR103W,-0.0135166912056337,5.9063644739891,0.0909837227963249,0.764383460086762,0.796723767493653
YLR455W,0.0302175549290164,4.91324836407781,0.0906812988420906,0.7647634055046,0.79698327153545
YDL247W-A,0.0412315150397322,1.06122671295302,0.0905178992946963,0.764968977960495,0.797060998440002
YBR056W,-0.0188959952361376,7.10081510623398,0.0901262019106887,0.765462597968292,0.797438779085269
YNL127W,-0.0176537330280383,5.5470687803712,0.0899264814888474,0.765714738124853,0.797564906109163
YER175W-A,-0.0681011004445225,0.905683986601722,0.0890110332097555,0.766874389719087,0.798636087872779
YMR064W,0.0216979661548322,5.74232653362952,0.0880964590611893,0.768039448372398,0.799712533084538
YER076C,-0.019562639163214,5.21515390503019,0.0877227540372083,0.768517400785519,0.800073290638132
YNL245C,-0.0125339382323463,5.16063507244732,0.0859962134701159,0.770740098217211,0.802249999598312
YJL129C,0.0125101770362323,7.30557295973794,0.0853882316728349,0.771528569583226,0.802933358288684
YIL138C,-0.0179787025018251,6.22188785661239,0.084188620383437,0.773093304910049,0.804424206630925
YKL090W,0.0142326146874391,4.78066505547502,0.0834151986320405,0.774108559984186,0.805342894085104
YLR065C,0.00879106069266478,6.82481814108361,0.0817588131712722,0.776300180069873,0.80748488815815
YDL097C,-0.0123669266876744,8.65505406838172,0.0810950675828652,0.777185152530185,0.808267245453115
YNL173C,-0.0136886266632124,7.864906181967,0.0808306386839341,0.777538807938205,0.808496863688308
YDL231C,-0.00829163406276569,6.53826073513034,0.0802385617925007,0.778332947343111,0.809184347271968
YOL089C,0.0191236622261845,5.19836642248576,0.0788063087004677,0.780267199888338,0.811056698209863
YER188W,0.0269470159854763,4.37674330054843,0.0782832254356571,0.780978353238325,0.811657263783981
YBR122C,0.0104513196628448,5.79910472013695,0.077604733624825,0.781904624274275,0.812481154151121
YLR114C,-0.0170879781401235,7.42599317163447,0.0773211516716818,0.782293062671202,0.812745993913995
YIL034C,-0.0150754431275414,7.22739004164211,0.0772215801861928,0.782429633697687,0.812749115918475
YPR165W,0.0134545856215512,8.9363449455851,0.0758480707661898,0.784323297701191,0.814577106419482
YOL081W,-0.0108657807098531,7.28506827369851,0.0756169574606532,0.784643746074005,0.814770852365242
YEL051W,-0.0104038317565563,8.18559962013425,0.07485879659439,0.785698687720867,0.815727096874506
YBL088C,0.011129586217855,6.04547569487718,0.0737673456719789,0.787227533602988,0.817064928797002
YBR119W,-0.0127850113538427,5.09307612292065,0.0737472315910547,0.787255822109585,0.817064928797002
YIL020C-A,-0.0353266493496466,2.61053334316968,0.0727277804722836,0.788695051415445,0.818419063414561
YKR004C,0.0264527840679715,3.87533027822284,0.0725614360885588,0.788930917573953,0.818524234175192
YOR188W,-0.0162307632009119,5.55993158580539,0.0724589467388369,0.789076385807951,0.818535596256629
YML009C,0.015879515866616,5.65274288947028,0.0715461501122595,0.790376866525272,0.819744883723586
YBR083W,0.0125318100067025,6.17092639977821,0.0709128652255524,0.79128435954168,0.820546238549953
YDR061W,0.00670924703124732,6.10687307107038,0.068938621187494,0.79414165973372,0.823262180426184
YBL077W,0.0517344101971014,2.41162228077524,0.068916423002157,0.794174034363468,0.823262180426184
YLR305C,-0.00769849824264106,7.1757713752256,0.0683732993311016,0.79496789081883,0.823886743654876
YLR028C,-0.0110725356072262,8.81805889085392,0.0683190818340456,0.795047322718395,0.823886743654876
YIL031W,0.0163040939596118,5.84302781643851,0.0640413981392738,0.801424037800037,0.830353357741057
YOR164C,0.0141560708898801,6.21996669906715,0.063661340197722,0.802001435475157,0.83081013531943
YBL008W,-0.0118293183515331,5.14307052452705,0.0634208742361109,0.802367708625729,0.831048086295755
YLR367W,0.0149573612233736,8.58197678443232,0.0630228209548605,0.802975644360377,0.831419111873058
YLR429W,0.0088573462083729,7.92840561008838,0.063007425694979,0.802999198106485,0.831419111873058
YGR063C,0.0258590126726008,5.09823979212985,0.0602339791002257,0.807293473765511,0.83558312237475
YNL330C,-0.00766714272307793,7.14062782428815,0.0602326799279668,0.807295509686303,0.83558312237475
YHR139C,0.0190811007517993,2.70589615579715,0.0586714888235645,0.809759098349944,0.837990495486294
YNL149C,0.0157088173886789,4.69997015339431,0.0585469310636983,0.80995714197445,0.838052917686537
YGL013C,0.0116847944815593,5.77139667932708,0.0583340392350457,0.810296152091578,0.838261150200145
YCL009C,0.0246737853833853,9.23650959275902,0.0562274025091684,0.813686718411655,0.841625647039762
YBR235W,-0.00677042862345339,6.56804043702538,0.0549994028072352,0.815694207156168,0.843446544978993
YKL135C,0.00735065685925008,6.45885632186509,0.0549810485640547,0.815724390665796,0.843446544978993
YPL169C,-0.00864908071775403,6.78181023505624,0.0546644149124013,0.816245933973451,0.843842424095897
YKR063C,-0.015415535658448,5.0896655737521,0.0543872539037131,0.816703770455276,0.844172319215281
YBR164C,0.00918926564334846,6.54621318136697,0.0536903300085637,0.817860473882813,0.845224351830319
YNL306W,0.0089868619610412,6.95092113376846,0.0535625894556828,0.818073345594138,0.84530078246567
YPL201C,-0.028393284628193,2.62901273025419,0.053356300998888,0.818417678573286,0.845471716137332
YER112W,0.0131188378944803,6.63561299250168,0.0532970789429207,0.818516660602305,0.845471716137332
YER076W-A,-0.0275106385196888,1.48449593392185,0.0526977892747744,0.819521575778909,0.846248143476157
YDR443C,0.0116100491652931,5.49491509783058,0.0526829848598942,0.81954647650041,0.846248143476157
YGL051W,0.0126168896025333,4.2248349629335,0.0516942203221382,0.821217982087736,0.847830237700012
YOR213C,0.00885085797154612,5.0939201965696,0.0514200445211441,0.821684451334186,0.848166512862871
YKL073W,0.0144896628734481,6.48989573555244,0.0513390657595047,0.821822474911995,0.848166512862871
YNL006W,-0.0115751201318213,6.27550889785013,0.0510075605803757,0.822388704025889,0.848606963540366
YAR033W,-0.00968203538305006,5.04531695196354,0.0497562651024815,0.824543617861083,0.850686319885502
YLR007W,-0.00778958979625804,5.78559074409834,0.0496463302516538,0.82473429619242,0.850738801886909
YER007W,0.0224705775906681,3.36887423202636,0.0493232682960328,0.825295923615858,0.851173846644491
YMR171C,-0.00945123909620268,6.80807879211163,0.0491206184130033,0.825649207113423,0.851393903623993
YGL245W,0.0118579891123169,9.71060134558207,0.0483715293063238,0.826961796003796,0.85236588412214
YMR282C,0.00947846447414241,5.12767303441998,0.0483018551466272,0.827084422950311,0.85236588412214
YJR138W,0.0132852492147106,5.5125895548249,0.0482993070084941,0.827088909447638,0.85236588412214
YCR011C,-0.0101866143133297,7.55389429865348,0.0482634233678481,0.827152102833399,0.85236588412214
YGL056C,-0.0126689150346067,6.73237194995635,0.0479675344906832,0.827674124429606,0.852759405207273
YHR154W,-0.0185051646850243,5.27293266404113,0.0474226214480878,0.828639924572452,0.853609944307325
YOR140W,0.0136338123538675,5.50567460762443,0.0470113017542462,0.829372804252196,0.854220296864356
YGL006W,0.0126030439825635,8.11933263443863,0.0467788148282959,0.829788530951871,0.854503843432414
YDL088C,0.00779457569262686,6.47802163958113,0.0464004333565294,0.830467463381301,0.855058293515265
YER093C,0.0110025600882157,5.94984836414566,0.0462159424740082,0.830799548239177,0.855255498398814
YBL038W,-0.00755763259310687,5.86865398360888,0.0460030074053152,0.83118369691831,0.855506223908646
YBL071C,0.0201492341267821,2.9008416227468,0.0455656296029243,0.8319756851928,0.856176567630338
YDL092W,0.00626466248822457,6.28134706591845,0.0449676347376187,0.833064978472224,0.857152586067549
YLR226W,-0.0239958329932213,3.85210366179349,0.0446399139802137,0.833665162111991,0.857625107599572
YBR003W,-0.00584767838469121,6.48868436102365,0.0445138696664916,0.833896611263355,0.857718201409316
YJL092W,-0.0113790603104838,6.26480452792121,0.0441700221537239,0.834529749611759,0.85808416621798
YBL007C,0.0111915963541714,8.48384796964862,0.0441674775584436,0.834534444647166,0.85808416621798
YBR298C,0.0137212890840148,7.42865257560801,0.0440204464561317,0.834805972331231,0.858211193233997
YMR219W,0.011350321221329,6.77341600765205,0.0439479331324644,0.834940059810232,0.858211193233997
YPL065W,0.00986562803701212,4.53012618196416,0.0434901483409426,0.83578925027831,0.858938960976781
YJR135C,0.0118953134906545,3.35616621123196,0.0432438250791506,0.836248112103989,0.859265410697868
YGR198W,0.0112505662282552,6.54397697803757,0.0427227997975609,0.837223217926362,0.860038240544547
YGR089W,0.0164245622276202,6.13254943898731,0.0426910091815106,0.83728291487032,0.860038240544547
YLR230W,-0.0156263295840964,3.49518274958901,0.0408630271951316,0.840755385203815,0.863428190628689
YKR003W,-0.00975494728789925,6.27603210377694,0.0408049824373292,0.840866960996814,0.863428190628689
YNL264C,0.00592743188864378,6.01862542155288,0.0400240766907388,0.842376158646458,0.864741820868133
YNL046W,-0.00964342942666852,5.82994024664995,0.0399961119096557,0.842430487116893,0.864741820868133
YGR136W,0.010663285294104,6.58311153624639,0.0397675338847442,0.842875299371167,0.865052487210921
YFR014C,-0.00869735505708685,7.40034236427872,0.0395422386902553,0.843315026956732,0.865290900854668
YLR208W,0.00641843510705957,7.91863846296129,0.0395028688090354,0.843392002131312,0.865290900854668
YKR019C,0.00861982951559918,5.42914408251607,0.0385782540602623,0.845211395765921,0.867011352534664
YHR011W,0.00885154740509734,4.74458583657988,0.0366290792964367,0.849122578958938,0.870876604241553
YPL068C,-0.014034160940824,3.70295104475602,0.0363102853550193,0.849772457098089,0.871396259090305
YBL052C,-0.0166357050350868,5.29244214753383,0.0354088052502949,0.851626350674105,0.873150184305295
YDL243C,0.0137299336906631,5.05805722001506,0.0345584586284807,0.853397635780549,0.874818836543909
YDL071C,-0.0222016911303205,1.87409074914945,0.0333291721728843,0.855998625047594,0.877337314033116
YMR123W,0.00774740091531821,6.1644546089609,0.0327950558407884,0.857144184145595,0.878363482742665
YGR040W,-0.00662715858133266,5.32405307396734,0.0323141471787578,0.858183901861347,0.879280862573884
YBR135W,0.0175111847447433,6.00710597609196,0.0321531387772597,0.858533783746668,0.879467147425413
YOL140W,-0.0082373112523251,4.49823856500143,0.032097556472144,0.858654777790366,0.879467147425413
YMR106C,-0.00881126230706921,4.32695426523589,0.0318300241430043,0.859238673508086,0.87964765159049
YGR057C,0.0120710815233636,4.37999422255152,0.03182783726208,0.859243456847948,0.87964765159049
YGL133W,-0.00854613551308468,6.17612716827462,0.0318181304962976,0.859264690395049,0.87964765159049
YDR164C,0.00980159003900398,5.93751162223856,0.0316881524302344,0.859549340211907,0.879791040401927
YAR023C,0.0129969591500607,3.49160145618773,0.0315845850308062,0.859776582831614,0.879875631774364
YJL133W,-0.00916093117189909,6.418285837533,0.0314611951273929,0.860047821685446,0.880005211864122
YLR016C,0.00914328540938304,5.65854334822583,0.0310291978608037,0.861001800551988,0.880833213913727
YKR008W,0.0112322745045179,6.08071648595616,0.0303474795038629,0.862521282397472,0.882239368530613
YIL166C,-0.0130244005358082,3.81707601859622,0.0295861510679725,0.864239156290531,0.883847943870232
YJR142W,0.00804853844536276,5.9881988067144,0.0294538811539082,0.864539925132556,0.884006964280222
YJL198W,-0.0105433517987765,7.59688180600667,0.0281646693253174,0.86750867389145,0.886893528331565
YBR243C,-0.00634925305733009,6.3307254946215,0.0273327079329647,0.869461742424983,0.888740920990429
YOL045W,-0.00903241607862665,6.45728438535021,0.0269619561749371,0.870341937349445,0.889491214103355
YLR253W,0.00575589807976573,6.4991907594751,0.026873428729245,0.870553026932381,0.889557543053491
YHR118C,-0.00683116569290335,4.84414230979829,0.0266976445143393,0.870973237791569,0.889837500329365
YAR027W,-0.0137259052180984,6.64439123153044,0.0260962122528691,0.872421811067712,0.891167822787817
YHR204W,-0.00478709570107397,6.35678338659027,0.0258789249408936,0.872949364778617,0.89155704677373
YIR031C,0.00722302526710946,4.55424526526156,0.0248707061228443,0.875427502277915,0.893937968008241
YNL297C,-0.0104795088696119,6.44081625978679,0.0236350196573058,0.878536081961014,0.896961754820935
YLR115W,-0.00646896483313274,5.72707855070101,0.0234621781163979,0.878977471588704,0.897261854490398
YGR074W,0.00907307655224275,3.51449705841128,0.0224627093269284,0.881563136641236,0.899750366732962
snR40,0.022767048199777,0.574383643447717,0.0216232969678854,0.883780567593947,0.901862276338951
YFL065C,-0.0189806207869885,0.993689175713603,0.0210905369040666,0.885210822564348,0.903134577221449
YIL097W,-0.00997142221585185,4.93846057378288,0.0210485952451866,0.885324199363343,0.903134577221449
YPR022C,0.00643383417989476,6.11902227557183,0.0205407339989614,0.886706316035985,0.904392881843609
YPR033C,-0.00546851658250009,8.39285519801278,0.020309697640416,0.887340840243549,0.904888388282553
YOR022C,0.00779185998800814,4.89053782831175,0.0200786465318846,0.887979100165207,0.905387537618178
YGL137W,0.00644862090259257,8.29427681226706,0.0195336770947583,0.889499540275644,0.906785843956658
snR34,0.0157493362496856,2.69750242891093,0.0191494428003652,0.890584580665918,0.907672357667698
YGR093W,-0.00732603126704769,5.51604538738557,0.019120244682073,0.890667485231525,0.907672357667698
YKL057C,-0.00917384063417817,6.36261097405322,0.0190301652534502,0.890923662494125,0.907732326530507
NME1,-0.0226218659437514,1.62540533405191,0.0189947036546353,0.891024681407842,0.907732326530507
YKL098W,0.006352552406517,6.4317390805593,0.0185715633622597,0.892237571538186,0.908815805626023
YOR103C,-0.010282360179288,3.10842345484817,0.0184704998862379,0.892529337344021,0.908960839788849
YNL268W,0.00452975885175023,8.05109894753354,0.0181563326300612,0.89344155553766,0.909730792207117
YDR135C,0.00645510599518704,8.05737060677252,0.0181073929303763,0.893584378803934,0.909730792207117
YGR049W,-0.00630557506246261,5.73213696383231,0.0167855117760535,0.897519233871316,0.913583897307956
YLR087C,-0.00642301007425002,5.76622575686774,0.0164467884419249,0.898552663803111,0.914482849848124
YIL048W,-0.00370171173901445,6.65508644285999,0.0160595456715787,0.899747471883423,0.915545713446593
YIL036W,-0.00381845752035301,7.15421566698589,0.0156096252097564,0.901154207509982,0.916823834258191
YGL014W,0.00519901020528976,7.26789281595284,0.0152910912138577,0.902162639696581,0.917696366190855
YOR008C,-0.00561310853207967,7.71770536519507,0.0152141508915709,0.902407817068636,0.917792339438851
YPL208W,-0.00426394144251144,5.44589853359452,0.0143595050278428,0.905174734719929,0.920452583684955
YBL057C,0.00818395840550686,6.76594436294253,0.014055493481651,0.906179045094115,0.921319881269455
YER119C-A,-0.0166505136701214,0.920991749051134,0.0139969753488802,0.906373621793177,0.921363763550198
YHR129C,0.00502722543465915,4.85447405064113,0.0138693302017903,0.906799486954627,0.921642705548506
YPL158C,0.006721943563822,5.02530971668744,0.013752441048738,0.907191213445504,0.921886862694705
YNL087W,0.00679940930347974,7.64912605500996,0.0135823557357087,0.907764242170988,0.922315146704034
YJR108W,-0.0118737514795667,2.420114480647,0.013246385232218,0.908906939422599,0.923321991049502
YHR056C,0.00994813292875625,5.13588442407986,0.012269140865684,0.912316895012933,0.926631331355983
YIL060W,0.0173475853136885,0.524308367711596,0.0118145801772879,0.913949856874269,0.928134993170883
YMR121C,0.00551166353596744,7.40368276393787,0.0112678475767423,0.915956649993737,0.930017723212396
YNL289W,0.0129775927158158,5.74496979650334,0.0110912368530713,0.916615386127066,0.930531302065932
YLR039C,-0.00661947703137838,5.67850047527955,0.0105684605697701,0.918596991820418,0.932280869331978
YKL209C,-0.00800265951100364,7.04431120402099,0.0105448003503629,0.918687836095239,0.932280869331978
YGR170W,-0.00484051337196196,6.54323921827091,0.0105160356756545,0.918798417975985,0.932280869331978
YBL036C,0.00502022322544316,6.00132032103504,0.0103339015120411,0.919502184886534,0.932839412309864
YEL032W,0.00414321151269349,6.79001641072434,0.0102232122883629,0.919932953459469,0.932964552006157
YLL039C,-0.00991950365796449,8.71684663731853,0.0102002407736344,0.920022646370066,0.932964552006157
YEL060C,0.00747835808086545,9.23523956806329,0.0101841583214462,0.920085501493664,0.932964552006157
YML015C,-0.00553523236979755,5.78214674295538,0.0101432271362084,0.920245699627292,0.932971523197613
YJL047C-A,-0.0147029151517085,0.694813313114993,0.0100377202436724,0.920660149000578,0.933236216336584
YOR081C,0.00470586421143869,5.88091591535644,0.00986700077127255,0.92133545351069,0.933741538227238
YJL035C,0.00743287981762494,5.4710223324879,0.0098342791165128,0.921465560732057,0.933741538227238
YGR268C,-0.0107438554197156,6.47789702150329,0.00977985702146333,0.921682437971822,0.933805800043046
YJR111C,-0.00510162583881377,5.31454633117799,0.0096568039439179,0.922175074312717,0.934149380255182
YGR099W,0.00447019366147788,5.05824486045059,0.0194270338910376,0.924465739390223,0.936313918806509
YBR169C,0.0065817425905289,6.43161813167339,0.00900887081351041,0.924822979572392,0.936519858661675
YDR427W,0.00549900003150677,7.12341294205725,0.00859641772030124,0.92655889672715,0.938121611744544
YLR269C,-0.00811561689643293,3.00436183382663,0.00846492093865525,0.927121132217628,0.938534701304986
YDR105C,0.00292281287018728,6.25018732310229,0.00838551651616854,0.92746277337202,0.93872438056699
YOL117W,0.00534776931817379,4.65605285434186,0.00831690703823468,0.927759284909765,0.938868326738054
YAL034C-B,-0.0133399541269917,1.90435279824483,0.00820569659541142,0.928242538492297,0.939173938371332
YGR231C,0.00320993304983357,7.86518282627885,0.00817385456775285,0.928381512023892,0.939173938371332
YIL001W,0.00557806660945044,4.32225150857136,0.00814120178218174,0.928524307845839,0.939173938371332
YGR122W,-0.00357458616044472,5.53031153689104,0.00800377374056496,0.929128491322853,0.939628863170942
YOR121C,0.0234750789259745,1.99859217203099,0.00792909322459288,0.929459007964275,0.939806923141012
YLL014W,0.00406798622632946,5.9632958048462,0.00752072875481498,0.93129474211866,0.94150664658449
YIR010W,-0.00277698914417265,5.6318982662532,0.00687393272635236,0.934308299678161,0.944396346103257
YDR028C,-0.00368487497917399,8.20489071930341,0.00621781104846015,0.937515086622683,0.947480369058134
YOR071C,-0.00282931783414386,5.59769867922076,0.00613373699958183,0.937938079825547,0.94775045096952
YOR195W,0.00769384763631827,5.27193865012592,0.00571739355088828,0.940077146543781,0.949754181756418
YKL019W,-0.00475367781017155,7.03814514577791,0.00560521753417575,0.940666771641096,0.95019211577624
YER157W,0.00546373300452766,5.27731640355558,0.00529327399123998,0.942338356635574,0.951722639025306
YOR190W,0.00516227913705381,3.65750402343451,0.00496923378793851,0.944128089165978,0.953371958608526
YDR328C,-0.00520869675829657,7.80986405388153,0.00491052127257166,0.944458583251251,0.953387059240362
YPL152W,0.00387358685762285,4.63238402240812,0.00490387411063978,0.944496125124492,0.953387059240362
YER033C,-0.00318439331567103,5.32982745448123,0.0048831954285769,0.944613078087123,0.953387059240362
YJL139C,-0.00278184976001261,5.42796525746425,0.00467197072039561,0.945822262230829,0.954449165120165
YDL047W,-0.00263571554072575,6.87587600121465,0.00458025689566477,0.946355831588827,0.95482925472028
YCR059C,0.00584784890485743,7.03212191340258,0.00453805853618127,0.946603133904037,0.954920435975807
YHR117W,-0.00186749752122496,6.32430811104067,0.00446594627761105,0.947028434688829,0.955191119688633
YBL107W-A,-0.013710616043712,0.527391151122395,0.00435982019458237,0.94766066460917,0.955670391804243
YNL213C,0.00413817322333086,5.04961734805875,0.00430127585344938,0.948012743938207,0.955691447744512
YGL022W,0.00313048318967383,8.87865276473587,0.0042887119091857,0.948088615196889,0.955691447744512
YKR042W,-0.00483053547904942,11.1420796848199,0.00427811166960097,0.948152714878163,0.955691447744512
YHR100C,-0.00361978594920291,4.2688745717945,0.00409587824566971,0.949267417554412,0.956656547833487
YNR011C,0.00293087151530069,5.59219037527521,0.00393820576338358,0.950252149183198,0.957490367242881
YKL024C,-0.00270707013417978,7.43313781761203,0.00357469449025479,0.952600747230989,0.959697938228571
YDR302W,0.00356753658921111,5.48669694182696,0.00349311183380185,0.95314409678118,0.960086381213952
YGR139W,-0.0118406751114199,0.716161880434565,0.00344347745703367,0.953477787005536,0.960263544178863
YAR028W,0.00379433271705589,5.40449080752004,0.00341422625059464,0.953675572889594,0.960303799608337
YFR001W,-0.00511879904043972,6.05076952206394,0.00329979066627659,0.954457635503244,0.960932281938656
YOR040W,-0.00251190824117434,4.81104894163557,0.00326473070901979,0.954699952483731,0.961017239183375
YER133W,-0.00334431007057996,7.92256174960098,0.00309012171640946,0.955926687314288,0.962092936206987
YOL071W,-0.00337787102882163,5.15794883234178,0.00297974646276865,0.956720151763524,0.962604097869525
YBR294W,0.00239757609201413,5.45799940082153,0.00297550164738848,0.95675095873704,0.962604097869525
YMR295C,0.00584325651335633,7.92264939685204,0.00281225338064922,0.957952934010585,0.963654092156457
YDL133C-A,-0.00394040430707376,9.61500617247401,0.0023334136191082,0.961696382814097,0.967259915607236
YJR158W,0.00436816327467116,2.87840320099826,0.00224054349015238,0.962465771866976,0.967713965924686
YBR221C,-0.00189177885248267,8.77904919738793,0.00223494062116424,0.962512695870841,0.967713965924686
YBR102C,-0.00287551549041176,5.4865582949887,0.00222156927899727,0.962624919596076,0.967713965924686
YOR185C,0.00369506121981466,5.96214622960956,0.00201861958796543,0.964371751458829,0.969309895544594
YML072C,0.00162283378823799,8.34226946355063,0.00176779557576422,0.966657218613583,0.971446602025376
YDR030C,-0.0029433407589962,3.63807991139845,0.0016097217113735,0.968181997676517,0.972818272103964
YJR087W,0.00784879713747313,0.730305371031655,0.0014373946284243,0.969932433678624,0.974416189356848
YMR096W,-0.00323678706642471,5.17602030687166,0.00133815841556998,0.97098841996935,0.975316034254456
YPL094C,0.00103151778964694,7.5648294012868,0.00131476973890027,0.971242958844543,0.975410695588223
YPL120W,0.00166656023670476,4.39644596386387,0.00127338732165422,0.97169894181218,0.975707600813055
YGL254W,-0.00207635476466892,4.78708324522323,0.00118785612451158,0.972665529357639,0.976517034506061
YOR211C,-0.0023986881801945,6.0529511005252,0.00107487774670338,0.973997407538224,0.977692877741684
YNL102W,0.00212587978331713,5.55055363868122,0.000983227254406052,0.97513028234895,0.978668607635388
YDL126C,-0.00167921865707642,10.3638758369111,0.0008010246899459,0.97755186090265,0.980937182320683
YKR064W,-0.00177098219846845,5.35297039178115,0.000744590428970098,0.978356858564456,0.981583097174726
YKL174C,-0.0015246762288638,6.15986862768878,0.000638763786641795,0.979953454069658,0.983022876362326
YGR213C,-0.00192089088863353,4.12545457224852,0.000531169459582975,0.981719253488907,0.98463188684358
YDR252W,0.00134176247076866,3.19104421239718,0.000355241735082668,0.985049614241176,0.987809311578371
YJR136C,0.000812237203493452,4.57539766144183,0.000327030575793681,0.985655458334664,0.988253989778618
YGL248W,0.00102229799008701,6.46876077454388,0.000291525029166193,0.986456433325238,0.988894134560803
YGL067W,0.000514328403441944,5.79893920113735,0.000221859292671875,0.988184853853448,0.99040445325461
YLR285C-A,0.00278034664744429,4.13729265024793,0.000217981696093077,0.988288552204107,0.99040445325461
YJL209W,-0.000560299987425422,5.02338264016231,0.00015301511613838,0.990187660798528,0.992144231180478
YHR200W,0.000750002768597872,8.39226007980817,0.000120713273557888,0.991284640804585,0.993079855004264
YGR172C,-0.000469084407044337,5.8633355311456,0.000108098478878273,0.991752572570639,0.993385087093389
YFR040W,0.000430026984989729,7.63845477758516,9.29875349168474e-05,0.992350691122745,0.993820598334744
YDR014W,0.000502934825098159,3.83539706121839,4.30694099653901e-05,0.994794074020583,0.996103659768841
YJL043W,-0.000852306475935007,2.50009210354697,3.67283684222426e-05,0.995192549563648,0.996338707485159
YIL004C,0.000231645802929937,4.88845456001773,2.78980197870267e-05,0.995810122357797,0.996792991371475
YLR166C,-0.000292094802101399,5.77497861611416,2.32672315187283e-05,0.99617362658914,0.996992848321532
YLR032W,0.000214046784667354,5.21550700339325,1.65880344703882e-05,0.996769178579313,0.997318739986073
YOR297C,0.000258552877051617,4.38641827802474,1.59991316021005e-05,0.996827046276959,0.997318739986073
YHR057C,-0.000110502351108389,7.31314933150521,1.46208694165005e-06,0.999040813166901,0.999369282939436
YOR355W,1.68318327603528e-05,6.37766241624053,6.54194375881576e-08,0.999797105574093,0.99982249304179
YCL038C,7.90707119809476e-06,6.07069941175361,5.00722764113773e-08,0.99982249304179,0.99982249304179
